0 0.228684 0.642536 0.030714 0.046032 0.228261 0.640898
0 0.260526 0.35592 0.03531 0.053085 0.259317 0.354115
0 0.411154 0.343332 0.026724 0.040855 0.409938 0.341646
0 0.240941 0.541601 0.034076 0.050106 0.240683 0.538653
0 0.325156 0.449022 0.032918 0.048088 0.324534 0.446384
0 0.320297 0.539399 0.0295 0.045653 0.319876 0.53616
0 0.33109 0.34361 0.030353 0.047865 0.330745 0.341646
0 0.31781 0.642578 0.02869 0.042125 0.31677 0.640898
0 0.248479 0.450442 0.033294 0.051452 0.248447 0.448878
0 0.258258 0.241083 0.029121 0.044253 0.256211 0.239401
0 0.403635 0.444205 0.026718 0.042258 0.402174 0.44389
0 0.333852 0.239533 0.027931 0.039554 0.332298 0.239401
0 0.261122 0.138405 0.024404 0.040337 0.26087 0.137157
0 0.716521 0.561245 0.029211 0.044057 0.715839 0.558603
0 0.40193 0.542161 0.025534 0.044122 0.402174 0.541147
0 0.230661 0.742299 0.027383 0.043873 0.229814 0.740648
0 0.473172 0.446921 0.023123 0.036108 0.47205 0.446384
0 0.34027 0.140751 0.022282 0.035842 0.340062 0.139651
0 0.472809 0.548942 0.022378 0.038893 0.47205 0.546135
0 0.416092 0.241935 0.02178 0.036794 0.416149 0.241895
0 0.482978 0.337394 0.023108 0.0353 0.481366 0.336658
0 0.398795 0.647118 0.022878 0.039529 0.399068 0.645885
0 0.493675 0.138224 0.025744 0.04015 0.493789 0.137157
0 0.493177 0.240458 0.021087 0.035956 0.492236 0.239401
0 0.420127 0.140347 0.02265 0.033367 0.419255 0.139651
0 0.57457 0.139471 0.023329 0.038011 0.574534 0.137157
0 0.394267 0.74801 0.028351 0.041394 0.39441 0.745636
0 0.640661 0.341609 0.024862 0.038019 0.639752 0.341646
0 0.554249 0.44879 0.020069 0.031363 0.554348 0.448878
0 0.551532 0.555063 0.025377 0.03415 0.549689 0.553616
0 0.638673 0.448442 0.025463 0.03824 0.636646 0.446384
0 0.630302 0.554988 0.026368 0.03777 0.628882 0.553616
0 0.310243 0.750129 0.026875 0.03879 0.309006 0.74813
0 0.554405 0.335792 0.023007 0.03375 0.552795 0.334165
0 0.721588 0.342731 0.026904 0.040209 0.720497 0.341646
0 0.721015 0.451564 0.024456 0.039924 0.72205 0.453865
0 0.56438 0.23648 0.020261 0.032466 0.563665 0.236908
0 0.644158 0.234188 0.026839 0.044666 0.64441 0.234414
0 0.63101 0.653718 0.027284 0.040501 0.630435 0.653367
0 0.547476 0.648592 0.025792 0.038095 0.546584 0.648379
0 0.548307 0.752329 0.029316 0.042161 0.548137 0.750623
0 0.62877 0.752187 0.028174 0.042557 0.628882 0.750623
0 0.711328 0.661969 0.026037 0.042252 0.71118 0.660848
0 0.468409 0.745898 0.02916 0.046378 0.467391 0.743142
0 0.700507 0.739522 0.029245 0.043628 0.701863 0.738155
0 0.473572 0.651986 0.027594 0.044938 0.475155 0.648379
0 0.65011 0.139208 0.026999 0.046752 0.649068 0.137157
0 0.724209 0.140893 0.025688 0.040854 0.725155 0.142145
0 0.723816 0.242412 0.028573 0.044224 0.723602 0.241895
