0 0.201951 0.419763 0.051494 0.055338 0.200311 0.418953
0 0.203936 0.284444 0.049043 0.053678 0.203416 0.286783
0 0.194639 0.81559 0.050154 0.055144 0.197205 0.815461
0 0.199558 0.542897 0.046804 0.053668 0.200311 0.543641
0 0.203903 0.151577 0.045858 0.04998 0.203416 0.15212
0 0.328593 0.678334 0.043958 0.057189 0.329193 0.67581
0 0.199828 0.680421 0.047934 0.056569 0.200311 0.678304
0 0.330213 0.281305 0.0443 0.046408 0.330745 0.281796
0 0.327947 0.54646 0.04345 0.050599 0.329193 0.541147
0 0.326813 0.812132 0.043661 0.053487 0.32764 0.810474
0 0.446733 0.410262 0.043522 0.05121 0.448758 0.408978
0 0.331121 0.149357 0.042282 0.048973 0.330745 0.149626
0 0.452838 0.276844 0.043014 0.053489 0.451863 0.274314
0 0.326425 0.413069 0.045592 0.048488 0.329193 0.413965
0 0.713566 0.266363 0.058061 0.064332 0.712733 0.264339
0 0.451241 0.542389 0.044868 0.052335 0.450311 0.541147
0 0.45391 0.807482 0.045126 0.053663 0.454969 0.80798
0 0.20427 0.026705 0.050222 0.05341 0.203416 0.022444
0 0.453761 0.673298 0.04413 0.054384 0.451863 0.678304
0 0.710153 0.131349 0.056785 0.059684 0.709627 0.129676
0 0.576289 0.268532 0.049959 0.061441 0.574534 0.266833
0 0.459878 0.147713 0.042112 0.054936 0.458075 0.147132
0 0.710093 0.408034 0.051576 0.062738 0.71118 0.40399
0 0.578748 0.674384 0.043241 0.057861 0.57764 0.673317
0 0.579281 0.408399 0.050277 0.059272 0.576087 0.408978
0 0.331626 0.023764 0.046892 0.039212 0.332298 0.017456
0 0.578278 0.141469 0.056785 0.059684 0.579193 0.139651
0 0.578381 0.547906 0.050277 0.059272 0.57764 0.543641
0 0.708743 0.543926 0.051576 0.062738 0.708075 0.543641
0 0.71244 0.678015 0.049509 0.057826 0.71118 0.67581
0 0.588935 0.818324 0.045126 0.053663 0.591615 0.817955
0 0.714241 0.816799 0.049509 0.057826 0.714286 0.810474
