0 0.510805 0.578352 0.026952 0.04116 0.509317 0.578554
0 0.61477 0.48069 0.036098 0.054031 0.613354 0.478803
0 0.560735 0.389741 0.03126 0.048517 0.559006 0.389027
0 0.50944 0.484838 0.028479 0.041894 0.509317 0.483791
0 0.610984 0.294281 0.033145 0.051351 0.610248 0.291771
0 0.458099 0.486841 0.024988 0.037506 0.458075 0.486284
0 0.457026 0.393408 0.024993 0.038901 0.456522 0.391521
0 0.508777 0.391707 0.028209 0.042212 0.507764 0.389027
0 0.505749 0.205222 0.024499 0.039012 0.504658 0.204489
0 0.558512 0.296134 0.028854 0.045 0.557453 0.294264
0 0.564276 0.575825 0.029508 0.045419 0.563665 0.573566
0 0.459457 0.580765 0.023851 0.035444 0.459627 0.581047
0 0.562471 0.482402 0.031478 0.049345 0.562112 0.481297
0 0.613517 0.386979 0.037983 0.054749 0.611801 0.38404
0 0.512886 0.671752 0.024227 0.036872 0.512422 0.670823
0 0.615917 0.573828 0.034475 0.054081 0.61646 0.571072
0 0.558367 0.203887 0.026661 0.041451 0.555901 0.201995
0 0.617284 0.66617 0.027634 0.042428 0.61646 0.663342
0 0.61823 0.760221 0.023686 0.037226 0.618012 0.758105
0 0.565991 0.763356 0.022477 0.037227 0.565217 0.763092
0 0.564744 0.668604 0.025072 0.040535 0.563665 0.668329
0 0.453575 0.208003 0.023335 0.033582 0.453416 0.206983
0 0.405107 0.394718 0.022095 0.03208 0.40528 0.394015
0 0.507384 0.298379 0.025889 0.040236 0.506211 0.296758
0 0.460386 0.672675 0.0236 0.033477 0.459627 0.670823
0 0.6098 0.200618 0.027426 0.040944 0.608696 0.199501
0 0.356192 0.675702 0.020884 0.026675 0.35559 0.673317
0 0.402506 0.209924 0.020669 0.030563 0.402174 0.209476
0 0.35118 0.211444 0.017967 0.026918 0.350932 0.209476
0 0.354053 0.491102 0.01908 0.028931 0.352484 0.488778
0 0.410735 0.768028 0.017459 0.028843 0.409938 0.76808
0 0.462285 0.765576 0.017808 0.028522 0.46118 0.765586
0 0.35178 0.304261 0.019483 0.030356 0.350932 0.304239
0 0.407618 0.581464 0.020986 0.031001 0.406832 0.581047
0 0.359558 0.768266 0.016098 0.025847 0.358696 0.76808
0 0.299638 0.213314 0.015764 0.025803 0.299689 0.21197
0 0.453081 0.300677 0.02762 0.03776 0.453416 0.299252
0 0.515159 0.763839 0.019781 0.032139 0.513975 0.763092
0 0.355777 0.58317 0.017667 0.02836 0.35559 0.583541
0 0.305992 0.676692 0.01568 0.024788 0.305901 0.67581
0 0.406099 0.489715 0.021443 0.031194 0.406832 0.488778
0 0.307628 0.770432 0.015355 0.026762 0.307453 0.770574
0 0.301753 0.398081 0.018036 0.026581 0.301242 0.396509
0 0.403237 0.301784 0.02242 0.032414 0.402174 0.301746
0 0.407618 0.675128 0.022918 0.028722 0.406832 0.673317
0 0.302869 0.584103 0.017208 0.026038 0.302795 0.583541
0 0.353566 0.395164 0.020472 0.027416 0.352484 0.394015
0 0.30086 0.305524 0.018069 0.026771 0.299689 0.304239
0 0.302857 0.490955 0.017677 0.026891 0.301242 0.491272
