0 0.395919 0.409391 0.052209 0.048685 0.395963 0.406484
0 0.268174 0.296723 0.054129 0.054441 0.265528 0.296758
0 0.395418 0.625917 0.049758 0.04916 0.397516 0.623441
0 0.269944 0.411014 0.050188 0.049767 0.268634 0.411471
0 0.395569 0.299796 0.053036 0.048295 0.395963 0.299252
0 0.393224 0.518933 0.050862 0.04598 0.391304 0.516209
0 0.285066 0.738562 0.049747 0.047423 0.284161 0.738155
0 0.273817 0.522179 0.049851 0.054636 0.273292 0.516209
0 0.150832 0.727759 0.041615 0.050833 0.150621 0.730673
0 0.271599 0.196827 0.054933 0.052273 0.273292 0.194514
0 0.272109 0.623679 0.049098 0.0532 0.271739 0.623441
0 0.391742 0.193987 0.046474 0.047417 0.391304 0.19202
0 0.156398 0.198599 0.050374 0.046104 0.156832 0.197007
0 0.512334 0.515958 0.034952 0.044358 0.512422 0.516209
0 0.393193 0.724776 0.036092 0.041113 0.39441 0.725686
0 0.151905 0.304229 0.052654 0.051722 0.150621 0.304239
0 0.156089 0.102666 0.054129 0.040392 0.161491 0.104738
0 0.510616 0.409408 0.033672 0.045405 0.51087 0.40399
0 0.15065 0.625663 0.04878 0.054912 0.150621 0.625935
0 0.149718 0.412673 0.055935 0.056112 0.145963 0.411471
0 0.150459 0.518988 0.056069 0.05669 0.149068 0.516209
