0 0.317884 0.759305 0.07764 0.121159 0.315217 0.753117
0 0.471944 0.532373 0.069287 0.100153 0.468944 0.531172
0 0.173957 0.522867 0.076907 0.118807 0.170807 0.523691
0 0.168706 0.752626 0.074225 0.11099 0.166149 0.750623
0 0.324741 0.303733 0.06453 0.099678 0.32764 0.306733
0 0.475122 0.306136 0.06706 0.104206 0.475155 0.309227
0 0.799409 0.553819 0.069046 0.098225 0.799689 0.551122
0 0.325279 0.077897 0.068913 0.100096 0.326087 0.0798
0 0.173621 0.301093 0.065605 0.099516 0.175466 0.299252
0 0.472462 0.768368 0.066349 0.098958 0.473602 0.770574
0 0.637041 0.304964 0.067423 0.101399 0.635093 0.309227
0 0.638136 0.782923 0.075831 0.111564 0.638199 0.780549
0 0.803988 0.790036 0.070595 0.097578 0.807453 0.795511
0 0.636223 0.541326 0.070394 0.111547 0.636646 0.546135
0 0.635035 0.095869 0.076175 0.092928 0.63354 0.092269
0 0.176933 0.078954 0.064697 0.09786 0.177019 0.082294
0 0.793386 0.326502 0.061241 0.085714 0.793478 0.32419
0 0.319348 0.523456 0.070315 0.115278 0.321429 0.523691
0 0.482685 0.102338 0.067385 0.084694 0.481366 0.097257
