0 0.31635 0.545933 0.048433 0.07852 0.313665 0.543641
0 0.312864 0.705318 0.044898 0.072637 0.312112 0.705736
0 0.415856 0.703157 0.047098 0.071538 0.416149 0.700748
0 0.323418 0.384367 0.046683 0.08037 0.322981 0.386534
0 0.418666 0.545399 0.048619 0.070409 0.417702 0.546135
0 0.306615 0.865173 0.04046 0.060552 0.307453 0.86783
0 0.41564 0.870246 0.044191 0.064811 0.417702 0.872818
0 0.733787 0.724837 0.047116 0.075655 0.732919 0.725686
0 0.420349 0.378475 0.041096 0.070893 0.420807 0.379052
0 0.527126 0.222036 0.045088 0.063861 0.52795 0.214464
0 0.840638 0.732577 0.044221 0.071336 0.841615 0.733167
0 0.843411 0.55689 0.047926 0.076496 0.843168 0.558603
0 0.523417 0.709832 0.04368 0.065893 0.523292 0.710723
0 0.733528 0.883868 0.041215 0.058835 0.732919 0.882793
0 0.523204 0.544234 0.044358 0.07121 0.523292 0.543641
0 0.421541 0.215336 0.047632 0.069611 0.42236 0.214464
0 0.730146 0.565017 0.044871 0.063302 0.731366 0.558603
0 0.626358 0.391659 0.045726 0.061197 0.625776 0.386534
0 0.624302 0.712686 0.047694 0.073778 0.624224 0.715711
0 0.623776 0.551426 0.048985 0.078244 0.625776 0.548628
0 0.526071 0.374615 0.044803 0.068586 0.524845 0.379052
0 0.727107 0.383363 0.048092 0.068608 0.726708 0.379052
0 0.846432 0.893822 0.041265 0.056062 0.847826 0.897756
0 0.627406 0.879496 0.047994 0.071074 0.628882 0.877805
0 0.320811 0.217959 0.045229 0.068954 0.322981 0.219451
0 0.523744 0.8749 0.050704 0.072176 0.524845 0.875312
