0 0.393728 0.407734 0.052067 0.053279 0.39441 0.406484
0 0.27508 0.520953 0.051606 0.050319 0.271739 0.518703
0 0.395801 0.517993 0.052528 0.051799 0.392857 0.516209
0 0.271001 0.412161 0.054234 0.050347 0.270186 0.408978
0 0.273697 0.623811 0.052528 0.053279 0.270186 0.620948
0 0.286369 0.73851 0.048381 0.048839 0.285714 0.738155
0 0.26909 0.297846 0.055292 0.055499 0.267081 0.296758
0 0.39511 0.298956 0.051145 0.050319 0.39441 0.294264
0 0.152745 0.73037 0.050224 0.056239 0.149068 0.730673
0 0.272218 0.196644 0.054564 0.054373 0.273292 0.197007
0 0.396493 0.625291 0.048381 0.048839 0.39441 0.623441
0 0.157583 0.200537 0.052528 0.056239 0.15528 0.199501
0 0.396249 0.724822 0.040574 0.043656 0.395963 0.723192
0 0.511691 0.515403 0.031781 0.045139 0.512422 0.516209
0 0.391424 0.195727 0.04193 0.042179 0.392857 0.19202
0 0.148037 0.411498 0.055032 0.056111 0.145963 0.411471
0 0.511455 0.406994 0.036862 0.045879 0.51087 0.40399
0 0.153206 0.623811 0.045616 0.048839 0.152174 0.623441
0 0.156113 0.102792 0.05378 0.036089 0.153727 0.104738
0 0.153314 0.304622 0.051851 0.055266 0.150621 0.299252
0 0.148498 0.517623 0.055032 0.056979 0.149068 0.518703
