0 0.674454 0.105235 0.040747 0.054492 0.673913 0.104738
0 0.575185 0.733332 0.039904 0.054824 0.574534 0.730673
0 0.678383 0.356712 0.037319 0.055111 0.677019 0.356608
0 0.678013 0.485674 0.039395 0.051601 0.678571 0.483791
0 0.675627 0.23344 0.041064 0.052627 0.675466 0.23192
0 0.360021 0.366463 0.046878 0.060034 0.360248 0.366584
0 0.678476 0.609826 0.041213 0.050071 0.678571 0.610973
0 0.571104 0.233246 0.044929 0.056395 0.569876 0.23192
0 0.568734 0.107767 0.040721 0.055451 0.568323 0.104738
0 0.571879 0.361685 0.039812 0.054101 0.571429 0.359102
0 0.573296 0.607892 0.038194 0.047657 0.571429 0.608479
0 0.466172 0.606996 0.037368 0.046644 0.465839 0.605985
0 0.463358 0.364355 0.041457 0.054957 0.462733 0.359102
0 0.465845 0.110548 0.041035 0.052434 0.465839 0.112219
0 0.363353 0.489469 0.04343 0.056688 0.363354 0.488778
0 0.365541 0.734302 0.03746 0.055794 0.363354 0.730673
0 0.570779 0.485208 0.039539 0.04623 0.569876 0.486284
0 0.159095 0.374643 0.039795 0.047804 0.158385 0.371571
0 0.460322 0.232248 0.050262 0.064313 0.459627 0.224439
0 0.67557 0.725087 0.039342 0.048216 0.675466 0.723192
0 0.159382 0.492772 0.038579 0.056278 0.159938 0.491272
0 0.26306 0.73467 0.040472 0.055054 0.262422 0.735661
0 0.366638 0.612586 0.038892 0.053732 0.364907 0.610973
0 0.478518 0.743675 0.037477 0.050633 0.476708 0.743142
0 0.266226 0.612455 0.042218 0.058543 0.263975 0.613466
0 0.467813 0.491481 0.038977 0.049566 0.465839 0.488778
0 0.36479 0.238307 0.046 0.06007 0.361801 0.234414
0 0.158301 0.123226 0.034945 0.04753 0.156832 0.119701
0 0.160633 0.246977 0.036697 0.051004 0.159938 0.244389
0 0.368164 0.11401 0.045294 0.060539 0.368012 0.114713
0 0.263395 0.368342 0.051094 0.061441 0.262422 0.366584
0 0.265314 0.118425 0.049378 0.057234 0.263975 0.117207
0 0.264689 0.246367 0.043602 0.058564 0.263975 0.244389
0 0.26467 0.486576 0.049188 0.066604 0.262422 0.486284
0 0.158659 0.614229 0.042181 0.055298 0.158385 0.613466
0 0.154524 0.741822 0.045013 0.061131 0.153727 0.738155
