0 0.373956 0.357045 0.029698 0.047074 0.374224 0.356608
0 0.543156 0.48335 0.02844 0.049851 0.543478 0.483791
0 0.213343 0.742428 0.034335 0.055447 0.212733 0.740648
0 0.543795 0.615244 0.030127 0.047938 0.543478 0.613466
0 0.209163 0.241091 0.027193 0.047686 0.209627 0.241895
0 0.129746 0.247558 0.03402 0.053631 0.127329 0.244389
0 0.374319 0.613794 0.036282 0.0556 0.374224 0.613466
0 0.456759 0.48923 0.030759 0.054756 0.456522 0.486284
0 0.61813 0.096749 0.027561 0.044511 0.619565 0.097257
0 0.451705 0.347517 0.029246 0.049603 0.451863 0.349127
0 0.119229 0.746064 0.040083 0.058967 0.118012 0.745636
0 0.631314 0.739586 0.030921 0.044849 0.630435 0.738155
0 0.370966 0.488338 0.031871 0.056541 0.372671 0.488778
0 0.294809 0.36484 0.035948 0.055946 0.295031 0.361596
0 0.456787 0.10421 0.029963 0.047504 0.456522 0.102244
0 0.299514 0.743765 0.036172 0.052772 0.299689 0.740648
0 0.294299 0.238049 0.02677 0.044132 0.295031 0.239401
0 0.211054 0.499051 0.040395 0.063683 0.209627 0.493766
0 0.129541 0.501376 0.046289 0.062603 0.125776 0.498753
0 0.626331 0.347324 0.027687 0.046223 0.625776 0.346633
0 0.213648 0.371089 0.035207 0.060112 0.212733 0.369077
0 0.540379 0.349587 0.026162 0.047571 0.540373 0.349127
0 0.537124 0.101752 0.028644 0.047658 0.537267 0.099751
0 0.459946 0.614409 0.032539 0.04961 0.459627 0.61596
0 0.621739 0.222429 0.032111 0.049134 0.622671 0.219451
0 0.296847 0.610943 0.034095 0.056541 0.295031 0.608479
0 0.131941 0.379712 0.032005 0.054848 0.130435 0.379052
0 0.212183 0.614154 0.036655 0.063212 0.21118 0.610973
0 0.628554 0.47686 0.029174 0.044614 0.628882 0.478803
0 0.630881 0.609157 0.0265 0.039224 0.630435 0.608479
0 0.539031 0.223891 0.033724 0.052161 0.537267 0.221945
0 0.294438 0.493397 0.032983 0.053565 0.295031 0.493766
0 0.293065 0.109329 0.029299 0.049391 0.293478 0.109726
0 0.382336 0.736207 0.028402 0.03813 0.381988 0.735661
0 0.376431 0.23353 0.0253 0.045848 0.377329 0.23192
0 0.208092 0.11408 0.03148 0.044961 0.209627 0.117207
0 0.462587 0.735222 0.025336 0.041607 0.462733 0.735661
0 0.455718 0.230086 0.031359 0.054055 0.453416 0.229426
0 0.374301 0.104407 0.031871 0.047109 0.374224 0.104738
0 0.125466 0.117391 0.029238 0.043757 0.125776 0.117207
0 0.627561 0.842263 0.029772 0.030446 0.627329 0.842893
0 0.545647 0.740825 0.030127 0.047938 0.546584 0.740648
