0 0.267453 0.490479 0.02254 0.037828 0.265528 0.488778
0 0.32275 0.394795 0.02392 0.043151 0.322981 0.396509
0 0.380798 0.207933 0.020735 0.035715 0.380435 0.206983
0 0.379444 0.489951 0.020514 0.031779 0.378882 0.488778
0 0.429951 0.490018 0.018925 0.033705 0.428571 0.488778
0 0.432518 0.391216 0.022436 0.04131 0.431677 0.389027
0 0.320648 0.489706 0.023166 0.038754 0.319876 0.488778
0 0.271214 0.402623 0.025935 0.041218 0.270186 0.401496
0 0.380225 0.395244 0.023226 0.040994 0.378882 0.394015
0 0.267285 0.30062 0.022361 0.041571 0.265528 0.299252
0 0.546764 0.210494 0.021494 0.036202 0.546584 0.209476
0 0.265818 0.207506 0.019132 0.032234 0.265528 0.206983
0 0.32281 0.209972 0.019142 0.036559 0.321429 0.209476
0 0.321042 0.301893 0.023392 0.041304 0.319876 0.299252
0 0.434251 0.206255 0.02302 0.039859 0.43323 0.204489
0 0.43618 0.299254 0.021268 0.039104 0.434783 0.299252
0 0.546534 0.298326 0.019288 0.03429 0.545031 0.296758
0 0.380193 0.574463 0.017631 0.029992 0.378882 0.573566
0 0.380982 0.300395 0.022698 0.038273 0.380435 0.299252
0 0.548834 0.392793 0.018715 0.033591 0.548137 0.391521
0 0.601705 0.212814 0.019859 0.032766 0.600932 0.21197
0 0.491517 0.205043 0.018691 0.045257 0.490683 0.204489
0 0.322161 0.573318 0.01948 0.034488 0.321429 0.573566
0 0.550792 0.493354 0.019082 0.03245 0.549689 0.491272
0 0.603918 0.301786 0.019655 0.039535 0.604037 0.301746
0 0.606907 0.395904 0.017972 0.031005 0.607143 0.394015
0 0.486491 0.388877 0.021426 0.041676 0.486025 0.389027
0 0.611498 0.591262 0.021462 0.035513 0.610248 0.588529
0 0.43293 0.580987 0.017353 0.031185 0.43323 0.581047
0 0.488792 0.493136 0.018393 0.031701 0.487578 0.491272
0 0.489168 0.300132 0.019392 0.038789 0.487578 0.296758
0 0.263864 0.576343 0.019063 0.036502 0.262422 0.57606
0 0.381176 0.673328 0.020256 0.037883 0.381988 0.668329
0 0.610202 0.493317 0.018525 0.029782 0.610248 0.493766
0 0.258482 0.666223 0.020959 0.037196 0.257764 0.665835
0 0.43734 0.67632 0.017545 0.029444 0.436335 0.67581
0 0.611721 0.687774 0.02079 0.033379 0.610248 0.688279
0 0.32394 0.666915 0.019544 0.033833 0.322981 0.665835
0 0.552789 0.682277 0.020134 0.035025 0.552795 0.680798
0 0.491452 0.587686 0.017858 0.032285 0.490683 0.586035
0 0.549247 0.589878 0.021942 0.038007 0.548137 0.588529
0 0.492469 0.677548 0.02171 0.035485 0.492236 0.67581
0 0.382484 0.765482 0.017721 0.032308 0.38354 0.763092
0 0.264712 0.759098 0.020002 0.040577 0.263975 0.755611
0 0.324718 0.767551 0.020002 0.040577 0.324534 0.76808
0 0.437139 0.766384 0.020718 0.035794 0.436335 0.763092
0 0.497889 0.770169 0.020718 0.035794 0.498447 0.76808
0 0.556937 0.771851 0.020456 0.034953 0.557453 0.770574
0 0.606428 0.758394 0.020456 0.034953 0.60559 0.758105
