0 0.394927 0.407378 0.054032 0.047841 0.397516 0.40399
0 0.395216 0.299673 0.051232 0.05001 0.395963 0.296758
0 0.393268 0.515827 0.050053 0.04333 0.392857 0.516209
0 0.395594 0.62199 0.0501 0.042876 0.395963 0.620948
0 0.270807 0.621586 0.047425 0.04453 0.271739 0.620948
0 0.150526 0.732277 0.04442 0.057314 0.150621 0.72818
0 0.273745 0.52056 0.050377 0.049393 0.273292 0.516209
0 0.391527 0.19709 0.045834 0.047288 0.391304 0.19202
0 0.510826 0.408324 0.03446 0.044165 0.513975 0.406484
0 0.512672 0.511291 0.03485 0.040763 0.512422 0.511222
0 0.156518 0.198398 0.048623 0.052701 0.15528 0.199501
0 0.267775 0.297911 0.052778 0.059779 0.267081 0.296758
0 0.392368 0.724046 0.036066 0.040851 0.391304 0.720698
0 0.151684 0.302561 0.049445 0.052195 0.153727 0.301746
0 0.272775 0.195529 0.055001 0.052195 0.273292 0.197007
0 0.151765 0.621018 0.048579 0.051558 0.150621 0.618454
0 0.286823 0.739898 0.048976 0.050607 0.287267 0.740648
0 0.15833 0.103407 0.050556 0.034797 0.161491 0.102244
0 0.149202 0.41303 0.056025 0.061767 0.147516 0.413965
0 0.270713 0.41164 0.056603 0.055277 0.273292 0.411471
0 0.149779 0.515933 0.056025 0.061767 0.149068 0.518703
