0 0.102507 0.657463 0.049417 0.068872 0.100932 0.65586
0 0.217675 0.274687 0.038875 0.050898 0.215839 0.27182
0 0.215391 0.403659 0.04047 0.048621 0.214286 0.401496
0 0.10459 0.527643 0.054797 0.068929 0.102484 0.526185
0 0.211392 0.784765 0.043877 0.05719 0.209627 0.780549
0 0.324039 0.780694 0.035513 0.048408 0.322981 0.780549
0 0.642687 0.2597 0.040206 0.052344 0.642857 0.261845
0 0.214756 0.523403 0.040584 0.052523 0.214286 0.521197
0 0.324238 0.52228 0.037187 0.048711 0.322981 0.521197
0 0.424556 0.396126 0.039351 0.052453 0.423913 0.394015
0 0.109188 0.40631 0.047347 0.059873 0.108696 0.401496
0 0.215577 0.653242 0.042765 0.054184 0.215839 0.650873
0 0.324813 0.270751 0.038912 0.050876 0.324534 0.27182
0 0.531247 0.258205 0.036989 0.052828 0.531056 0.259352
0 0.430524 0.650609 0.037954 0.050667 0.430124 0.650873
0 0.534543 0.523915 0.037512 0.050813 0.532609 0.521197
0 0.216447 0.146382 0.036307 0.047337 0.215839 0.144638
0 0.32534 0.144422 0.037374 0.051705 0.326087 0.147132
0 0.325433 0.651934 0.037505 0.051477 0.324534 0.650873
0 0.322257 0.397506 0.040198 0.048594 0.321429 0.396509
0 0.643903 0.522779 0.040058 0.049011 0.642857 0.521197
0 0.432019 0.138697 0.036087 0.053411 0.430124 0.137157
0 0.120276 0.286056 0.037795 0.050081 0.118012 0.286783
0 0.427221 0.522303 0.038433 0.051236 0.425466 0.521197
0 0.644591 0.390537 0.038482 0.051632 0.642857 0.389027
0 0.648043 0.650393 0.038382 0.051214 0.645963 0.648379
0 0.532986 0.393388 0.039362 0.049162 0.531056 0.394015
0 0.643034 0.128843 0.037325 0.050556 0.641304 0.129676
0 0.649347 0.77746 0.035637 0.047701 0.650621 0.778055
0 0.53588 0.649085 0.036754 0.049851 0.535714 0.650873
0 0.428486 0.266042 0.036659 0.050502 0.428571 0.264339
0 0.431681 0.77836 0.034492 0.052478 0.430124 0.778055
0 0.534377 0.134914 0.038967 0.048789 0.532609 0.134663
0 0.54801 0.790124 0.036439 0.050413 0.548137 0.78803
0 0.104589 0.786963 0.055286 0.082875 0.102484 0.780549
0 0.750944 0.260619 0.036441 0.047709 0.75 0.256858
0 0.223412 0.022103 0.032404 0.042749 0.22205 0.01995
0 0.750987 0.126077 0.040749 0.053208 0.75 0.124688
0 0.327457 0.020608 0.04246 0.041216 0.326087 0.017456
0 0.751982 0.389177 0.033493 0.04495 0.751553 0.386534
0 0.752409 0.525366 0.035629 0.046235 0.75 0.523691
0 0.753079 0.655005 0.035183 0.044833 0.756211 0.653367
0 0.429352 0.019177 0.044225 0.038354 0.428571 0.012469
0 0.110706 0.152318 0.037847 0.047531 0.108696 0.149626
0 0.75429 0.771827 0.036995 0.044897 0.753106 0.770574
0 0.538451 0.020333 0.04394 0.03947 0.537267 0.017456
