0 0.822884 0.748572 0.075683 0.073391 0.823438 0.745833
0 0.830408 0.589227 0.080755 0.072948 0.83125 0.5875
0 0.649264 0.583342 0.076209 0.070988 0.646875 0.58125
0 0.818166 0.902715 0.072423 0.070464 0.81875 0.902083
0 0.83228 0.426796 0.07336 0.073242 0.829688 0.425
0 0.096504 0.722128 0.06937 0.068386 0.098437 0.722917
0 0.643276 0.744349 0.075494 0.071703 0.646875 0.741667
0 0.969803 0.89276 0.05727 0.070225 0.973437 0.891667
0 0.657146 0.262486 0.076497 0.072223 0.657813 0.260417
0 0.295261 0.411054 0.074321 0.073917 0.295312 0.410417
0 0.273538 0.893618 0.069092 0.069684 0.275 0.897917
0 0.484543 0.25669 0.067124 0.07131 0.4875 0.258333
0 0.464142 0.576677 0.077968 0.074312 0.464062 0.575
0 0.102112 0.563977 0.072399 0.063252 0.103125 0.566667
0 0.111661 0.403672 0.074396 0.067885 0.1125 0.402083
0 0.83397 0.268971 0.069838 0.073201 0.834375 0.26875
0 0.096106 0.879748 0.065955 0.066606 0.095312 0.879167
0 0.280632 0.731333 0.075574 0.070125 0.279687 0.73125
0 0.651659 0.418431 0.076836 0.070684 0.65 0.414583
0 0.472776 0.415184 0.075165 0.073419 0.473438 0.416667
0 0.301679 0.248782 0.069305 0.073539 0.301563 0.247917
0 0.310576 0.09316 0.063582 0.066745 0.310937 0.091667
0 0.97403 0.7454 0.048814 0.072448 0.979688 0.74375
0 0.49087 0.097226 0.071933 0.071832 0.489063 0.097917
0 0.836648 0.120579 0.065633 0.066923 0.840625 0.120833
0 0.28639 0.57024 0.074196 0.064955 0.285938 0.570833
0 0.118029 0.246157 0.070605 0.067818 0.11875 0.245833
0 0.460013 0.736773 0.078853 0.069856 0.460938 0.735417
0 0.667959 0.107281 0.067439 0.070738 0.667188 0.110417
0 0.978394 0.587403 0.040087 0.07242 0.982812 0.585417
0 0.63569 0.901653 0.076838 0.068279 0.639062 0.9
0 0.979669 0.43808 0.037537 0.063801 0.985938 0.435417
0 0.978461 0.28582 0.039953 0.070701 0.985938 0.283333
0 0.97792 0.143339 0.041035 0.064324 0.985938 0.141667
0 0.457538 0.899306 0.078848 0.083912 0.459375 0.9
