0 0.160773 0.437691 0.04029 0.052867 0.159938 0.436409
0 0.33056 0.801574 0.031389 0.056441 0.329193 0.802993
0 0.413097 0.55478 0.0346 0.049685 0.413043 0.553616
0 0.410267 0.433659 0.032361 0.053176 0.409938 0.433915
0 0.330224 0.676646 0.032395 0.050948 0.329193 0.67581
0 0.161237 0.194132 0.040563 0.059545 0.161491 0.19202
0 0.163517 0.318803 0.038282 0.054078 0.163043 0.316708
0 0.246258 0.314555 0.03594 0.059932 0.245342 0.314214
0 0.245056 0.191842 0.037077 0.057 0.245342 0.187032
0 0.414386 0.186044 0.033694 0.053328 0.414596 0.187032
0 0.664671 0.057099 0.03589 0.049496 0.664596 0.057357
0 0.329301 0.553136 0.035283 0.050748 0.329193 0.551122
0 0.41215 0.309247 0.034364 0.052226 0.411491 0.309227
0 0.241841 0.80377 0.037087 0.054651 0.242236 0.802993
0 0.332347 0.311571 0.034887 0.052669 0.332298 0.311721
0 0.246902 0.070986 0.035745 0.05432 0.246894 0.067332
0 0.330448 0.187492 0.029244 0.051459 0.330745 0.187032
0 0.15219 0.68016 0.041774 0.055227 0.152174 0.678304
0 0.330767 0.432887 0.033274 0.047451 0.330745 0.431421
0 0.413472 0.677362 0.031329 0.052757 0.413043 0.67581
0 0.244691 0.552702 0.033584 0.047711 0.243789 0.551122
0 0.160647 0.070189 0.037534 0.052848 0.161491 0.067332
0 0.157584 0.555892 0.040668 0.058211 0.15528 0.55611
0 0.665014 0.181179 0.03377 0.053898 0.666149 0.179551
0 0.242799 0.435677 0.035989 0.051579 0.243789 0.436409
0 0.330941 0.067542 0.030132 0.046156 0.330745 0.067332
0 0.667547 0.424666 0.036455 0.052245 0.667702 0.426434
0 0.581637 0.428184 0.03368 0.046091 0.582298 0.428928
0 0.494228 0.432239 0.034319 0.050022 0.493789 0.431421
0 0.66929 0.556114 0.038202 0.053974 0.667702 0.55611
0 0.244293 0.678359 0.034673 0.054591 0.243789 0.67581
0 0.153946 0.801266 0.040308 0.054561 0.150621 0.800499
0 0.492964 0.305723 0.03372 0.050114 0.492236 0.304239
0 0.671272 0.681212 0.038334 0.056172 0.669255 0.680798
0 0.415634 0.067282 0.036514 0.053085 0.414596 0.064838
0 0.581166 0.063103 0.037313 0.051869 0.580745 0.062344
0 0.667776 0.304868 0.035217 0.055896 0.667702 0.304239
0 0.582432 0.554422 0.036441 0.051662 0.582298 0.55611
0 0.415896 0.800447 0.028457 0.053793 0.414596 0.798005
0 0.497775 0.555216 0.032102 0.051014 0.496894 0.55611
0 0.582161 0.181682 0.034056 0.062051 0.580745 0.179551
0 0.668805 0.795584 0.039628 0.059119 0.669255 0.795511
0 0.581845 0.306362 0.039758 0.063086 0.582298 0.304239
0 0.499042 0.067743 0.033161 0.053171 0.498447 0.064838
0 0.497148 0.184462 0.03676 0.057509 0.498447 0.182045
0 0.498221 0.678732 0.031329 0.052757 0.498447 0.678304
0 0.585071 0.679717 0.037235 0.056619 0.585404 0.678304
0 0.503861 0.808552 0.031329 0.052757 0.503106 0.80798
0 0.586199 0.803499 0.037235 0.056619 0.586957 0.802993
