0 0.396633 0.344022 0.019746 0.040098 0.397516 0.341646
0 0.334341 0.441379 0.02024 0.038142 0.333851 0.438903
0 0.394752 0.439633 0.019702 0.038302 0.392857 0.436409
0 0.33738 0.34294 0.017989 0.033575 0.336957 0.341646
0 0.451267 0.342439 0.022016 0.034131 0.450311 0.339152
0 0.637383 0.441303 0.019417 0.032053 0.636646 0.441397
0 0.336024 0.245667 0.018388 0.032384 0.335404 0.244389
0 0.453431 0.152159 0.017321 0.02896 0.453416 0.149626
0 0.638582 0.543629 0.018452 0.033969 0.638199 0.541147
0 0.397069 0.247852 0.018339 0.032155 0.395963 0.246883
0 0.634307 0.344706 0.0212 0.038467 0.635093 0.34414
0 0.447969 0.440456 0.02037 0.039948 0.447205 0.438903
0 0.455202 0.246444 0.016998 0.033007 0.454969 0.244389
0 0.573295 0.541462 0.019328 0.03559 0.572981 0.541147
0 0.513643 0.156115 0.015301 0.025037 0.512422 0.154613
0 0.572335 0.340219 0.017971 0.034969 0.571429 0.339152
0 0.450098 0.532964 0.017887 0.034821 0.448758 0.531172
0 0.266455 0.620123 0.020152 0.033125 0.267081 0.618454
0 0.336882 0.616254 0.019305 0.035603 0.335404 0.613466
0 0.569518 0.239684 0.017353 0.032579 0.568323 0.239401
0 0.398285 0.622183 0.020844 0.034596 0.397516 0.620948
0 0.284764 0.353803 0.020889 0.035911 0.284161 0.354115
0 0.574178 0.441852 0.019027 0.0416 0.572981 0.436409
0 0.398168 0.153754 0.016585 0.028659 0.397516 0.15212
0 0.504918 0.335448 0.018244 0.03461 0.504658 0.334165
0 0.334651 0.523616 0.020776 0.035422 0.333851 0.521197
0 0.512159 0.540156 0.019051 0.033729 0.512422 0.538653
0 0.338931 0.154431 0.016951 0.029212 0.338509 0.154613
0 0.629904 0.155827 0.017784 0.029476 0.628882 0.154613
0 0.510029 0.445157 0.022133 0.037212 0.509317 0.441397
0 0.277839 0.441091 0.021257 0.037885 0.27795 0.436409
0 0.274886 0.524861 0.018946 0.032711 0.274845 0.521197
0 0.39714 0.525416 0.018087 0.031998 0.395963 0.523691
0 0.278451 0.153025 0.020034 0.032106 0.279503 0.15212
0 0.569524 0.151509 0.016395 0.025923 0.569876 0.149626
0 0.333383 0.717651 0.019265 0.033376 0.332298 0.715711
0 0.508957 0.242359 0.016521 0.032883 0.509317 0.241895
0 0.270882 0.707383 0.019875 0.035836 0.270186 0.705736
0 0.278818 0.244749 0.017817 0.032581 0.27795 0.244389
0 0.63124 0.245395 0.018547 0.03473 0.630435 0.244389
0 0.511876 0.628678 0.01928 0.034901 0.512422 0.625935
0 0.639282 0.643198 0.019396 0.032632 0.638199 0.640898
0 0.577701 0.638593 0.021393 0.036721 0.57764 0.638404
0 0.456557 0.626124 0.017412 0.034182 0.456522 0.625935
0 0.397794 0.719172 0.020062 0.032765 0.395963 0.718204
0 0.51718 0.725239 0.020963 0.039551 0.517081 0.723192
0 0.454754 0.720337 0.018645 0.035393 0.454969 0.718204
0 0.581943 0.727368 0.020963 0.039551 0.582298 0.725686
0 0.633976 0.717566 0.018937 0.036798 0.63354 0.715711
