0 0.214446 0.520534 0.039217 0.056227 0.215839 0.523691
0 0.216574 0.403904 0.04098 0.05265 0.215839 0.40399
0 0.101166 0.658003 0.044079 0.057105 0.099379 0.65586
0 0.324366 0.520413 0.036949 0.047385 0.322981 0.521197
0 0.324931 0.269988 0.038186 0.051442 0.324534 0.269327
0 0.327095 0.142384 0.040231 0.052024 0.326087 0.142145
0 0.325071 0.651461 0.037951 0.05042 0.324534 0.650873
0 0.10716 0.528582 0.04279 0.053355 0.10559 0.526185
0 0.217989 0.272344 0.038272 0.051566 0.215839 0.27182
0 0.109315 0.406222 0.038238 0.050557 0.107143 0.40399
0 0.217253 0.145522 0.034743 0.04928 0.217391 0.147132
0 0.215571 0.650859 0.042567 0.053678 0.214286 0.648379
0 0.101725 0.782782 0.03922 0.052352 0.099379 0.780549
0 0.423796 0.396032 0.039635 0.053587 0.42236 0.394015
0 0.213561 0.784854 0.039452 0.05695 0.21118 0.783042
0 0.426654 0.521521 0.039152 0.051449 0.425466 0.521197
0 0.53074 0.257541 0.037575 0.052866 0.529503 0.254364
0 0.429955 0.650656 0.036294 0.050248 0.430124 0.650873
0 0.642824 0.2585 0.039856 0.049995 0.642857 0.256858
0 0.322149 0.39606 0.039629 0.046927 0.321429 0.396509
0 0.119031 0.288216 0.041656 0.059354 0.121118 0.289277
0 0.32422 0.780402 0.037459 0.050749 0.322981 0.778055
0 0.430771 0.138413 0.036006 0.054104 0.430124 0.137157
0 0.535592 0.649409 0.036854 0.051778 0.535714 0.648379
0 0.64647 0.650194 0.039201 0.048367 0.64441 0.648379
0 0.64418 0.389673 0.039703 0.05203 0.642857 0.389027
0 0.643183 0.520868 0.040999 0.047833 0.642857 0.521197
0 0.428129 0.265958 0.037639 0.051506 0.427019 0.264339
0 0.532069 0.394135 0.03913 0.045129 0.531056 0.394015
0 0.532851 0.523229 0.039078 0.051171 0.531056 0.523691
0 0.534905 0.133891 0.038862 0.049227 0.534161 0.13217
0 0.649734 0.776608 0.036336 0.048826 0.649068 0.775561
0 0.643565 0.130556 0.037303 0.053423 0.642857 0.129676
0 0.546789 0.789742 0.035581 0.050361 0.546584 0.78803
0 0.750137 0.12756 0.036284 0.051839 0.75 0.124688
0 0.430038 0.777233 0.035321 0.051096 0.430124 0.775561
0 0.753717 0.519677 0.034909 0.050256 0.753106 0.518703
0 0.220049 0.023143 0.044485 0.043378 0.220497 0.017456
0 0.325248 0.025389 0.044485 0.043378 0.326087 0.01995
0 0.429294 0.021392 0.042033 0.037962 0.428571 0.012469
0 0.53787 0.022873 0.044921 0.042213 0.535714 0.014963
0 0.748627 0.259112 0.039856 0.049995 0.751553 0.256858
0 0.755114 0.388681 0.036777 0.051235 0.757764 0.391521
0 0.754776 0.658032 0.036336 0.048826 0.757764 0.65586
0 0.752112 0.769273 0.036336 0.048826 0.754658 0.770574
