0 0.329728 0.466741 0.029941 0.039913 0.329193 0.466334
0 0.329631 0.679693 0.028998 0.042827 0.329193 0.680798
0 0.247563 0.470045 0.031041 0.041673 0.246894 0.468828
0 0.162884 0.791309 0.0335 0.04175 0.163043 0.790524
0 0.404484 0.46613 0.02906 0.041868 0.402174 0.46384
0 0.170371 0.25348 0.030072 0.04184 0.167702 0.25187
0 0.33014 0.357953 0.028783 0.042108 0.329193 0.356608
0 0.246962 0.570722 0.030837 0.043448 0.248447 0.571072
0 0.248706 0.252525 0.031858 0.040006 0.248447 0.25187
0 0.165347 0.574645 0.032843 0.041603 0.164596 0.573566
0 0.330709 0.144038 0.029773 0.042962 0.332298 0.144638
0 0.32922 0.569283 0.030395 0.040619 0.329193 0.568579
0 0.24692 0.68026 0.031334 0.041785 0.245342 0.678304
0 0.48181 0.465872 0.026367 0.035197 0.481366 0.46384
0 0.56819 0.463644 0.026214 0.039564 0.568323 0.46384
0 0.330198 0.251309 0.028149 0.04392 0.329193 0.25187
0 0.249348 0.359348 0.030256 0.043593 0.25 0.356608
0 0.40799 0.679759 0.024607 0.03904 0.406832 0.678304
0 0.160357 0.683973 0.032989 0.043634 0.159938 0.680798
0 0.168557 0.145812 0.027562 0.043544 0.169255 0.144638
0 0.481886 0.349468 0.02689 0.03626 0.479814 0.349127
0 0.407637 0.785655 0.026785 0.039604 0.406832 0.785536
0 0.406986 0.141991 0.028011 0.038887 0.406832 0.142145
0 0.172108 0.367707 0.033405 0.04304 0.17236 0.366584
0 0.245756 0.794517 0.027638 0.047131 0.245342 0.793017
0 0.248914 0.146299 0.031648 0.042883 0.248447 0.149626
0 0.405618 0.572919 0.029811 0.045217 0.40528 0.573566
0 0.329342 0.790196 0.028423 0.046642 0.329193 0.78803
0 0.483403 0.245539 0.023359 0.040845 0.484472 0.244389
0 0.407438 0.248157 0.025604 0.039081 0.406832 0.246883
0 0.645655 0.351529 0.030647 0.041266 0.645963 0.351621
0 0.40471 0.353299 0.029601 0.04441 0.403727 0.351621
0 0.643749 0.137043 0.035546 0.046533 0.642857 0.137157
0 0.563526 0.241444 0.021512 0.036032 0.563665 0.239401
0 0.169051 0.471169 0.031227 0.042553 0.167702 0.468828
0 0.647089 0.570917 0.032091 0.044445 0.647516 0.573566
0 0.565837 0.352755 0.026541 0.040391 0.56677 0.354115
0 0.487923 0.144876 0.030563 0.049084 0.487578 0.144638
0 0.565809 0.142897 0.034507 0.048292 0.565217 0.142145
0 0.642709 0.247397 0.034507 0.048292 0.64441 0.246883
0 0.649364 0.465503 0.035985 0.045917 0.649068 0.46384
0 0.485951 0.577524 0.033521 0.043542 0.486025 0.573566
0 0.567781 0.575941 0.033521 0.043542 0.56677 0.573566
0 0.486444 0.682025 0.033521 0.043542 0.484472 0.680798
0 0.568274 0.686379 0.036478 0.044334 0.56677 0.683292
0 0.651582 0.687963 0.036478 0.044334 0.650621 0.690773
0 0.496303 0.799984 0.029577 0.043542 0.495342 0.800499
0 0.56926 0.791672 0.035492 0.041167 0.569876 0.790524
0 0.646653 0.78613 0.036478 0.044334 0.647516 0.783042
