0 0.396787 0.351339 0.02571 0.036442 0.395963 0.349127
0 0.309391 0.454796 0.028826 0.039464 0.307453 0.453865
0 0.318228 0.248105 0.024835 0.038297 0.31677 0.246883
0 0.222148 0.549264 0.027624 0.040135 0.220497 0.548628
0 0.316396 0.351801 0.026667 0.042154 0.315217 0.351621
0 0.304811 0.54596 0.026617 0.04338 0.304348 0.543641
0 0.210713 0.649903 0.027152 0.040357 0.209627 0.648379
0 0.230159 0.457841 0.027613 0.039688 0.229814 0.456359
0 0.463668 0.45455 0.025678 0.037044 0.462733 0.453865
0 0.473172 0.346173 0.02559 0.040399 0.47205 0.34414
0 0.547293 0.456732 0.024647 0.035586 0.546584 0.453865
0 0.388236 0.547904 0.025919 0.039726 0.388199 0.546135
0 0.547909 0.340854 0.02539 0.036781 0.546584 0.339152
0 0.463506 0.55515 0.024257 0.039671 0.462733 0.553616
0 0.300659 0.648738 0.025857 0.039672 0.299689 0.648379
0 0.244199 0.148523 0.023713 0.037603 0.243789 0.147132
0 0.390198 0.452234 0.025987 0.038507 0.389752 0.451372
0 0.544646 0.561021 0.023438 0.034013 0.543478 0.561097
0 0.243482 0.364209 0.026141 0.039459 0.242236 0.36409
0 0.24141 0.249545 0.023656 0.035316 0.240683 0.249377
0 0.385961 0.653518 0.023817 0.044868 0.385093 0.650873
0 0.403577 0.247512 0.024245 0.035478 0.403727 0.246883
0 0.41032 0.149105 0.025238 0.03743 0.409938 0.144638
0 0.628031 0.662472 0.027953 0.04037 0.628882 0.660848
0 0.640476 0.240476 0.023554 0.037401 0.639752 0.239401
0 0.325186 0.145721 0.022252 0.034304 0.326087 0.144638
0 0.627669 0.565663 0.024389 0.035824 0.627329 0.561097
0 0.568237 0.144372 0.027094 0.041742 0.568323 0.142145
0 0.483727 0.249903 0.024586 0.041094 0.482919 0.246883
0 0.638092 0.347215 0.024163 0.03691 0.638199 0.346633
0 0.485577 0.145478 0.025374 0.039006 0.486025 0.144638
0 0.715098 0.566594 0.026246 0.034853 0.714286 0.566085
0 0.719867 0.455099 0.025092 0.038249 0.718944 0.453865
0 0.293767 0.755781 0.028643 0.040415 0.293478 0.755611
0 0.722067 0.349493 0.025352 0.037811 0.72205 0.349127
0 0.462001 0.654056 0.025249 0.036494 0.46118 0.653367
0 0.539981 0.655047 0.025997 0.036826 0.53882 0.65586
0 0.722928 0.244788 0.024143 0.036049 0.72205 0.244389
0 0.710609 0.667792 0.026839 0.041919 0.709627 0.665835
0 0.644146 0.139739 0.02508 0.036991 0.642857 0.137157
0 0.556566 0.243911 0.019759 0.031389 0.555901 0.241895
0 0.63342 0.456195 0.023001 0.033876 0.63354 0.456359
0 0.458028 0.755051 0.028961 0.043673 0.458075 0.755611
0 0.726378 0.142103 0.02598 0.040285 0.726708 0.142145
0 0.209888 0.7508 0.025146 0.036608 0.209627 0.74813
0 0.378943 0.757614 0.031158 0.045335 0.378882 0.755611
0 0.541434 0.759753 0.029424 0.039623 0.541925 0.760599
0 0.629092 0.762856 0.027139 0.039541 0.627329 0.760599
0 0.699877 0.755667 0.029937 0.041338 0.698758 0.753117
