0 0.414696 0.231819 0.037801 0.056541 0.414596 0.229426
0 0.334215 0.461846 0.037889 0.054768 0.333851 0.458853
0 0.415252 0.343414 0.03743 0.055946 0.414596 0.34414
0 0.412843 0.457091 0.035577 0.052375 0.413043 0.456359
0 0.413367 0.566185 0.032307 0.046068 0.413043 0.566085
0 0.494275 0.453503 0.029846 0.048839 0.493789 0.456359
0 0.496227 0.231819 0.035577 0.056541 0.495342 0.229426
0 0.573429 0.11381 0.032391 0.048315 0.572981 0.114713
0 0.338043 0.354286 0.038423 0.056818 0.338509 0.351621
0 0.414882 0.120224 0.033724 0.052375 0.414596 0.119701
0 0.336706 0.234201 0.035907 0.054159 0.335404 0.23192
0 0.334556 0.121958 0.035092 0.05098 0.335404 0.122195
0 0.652372 0.566503 0.033334 0.046377 0.653727 0.566085
0 0.571686 0.339366 0.035121 0.052137 0.572981 0.339152
0 0.651992 0.452338 0.029098 0.044854 0.652174 0.453865
0 0.647801 0.336271 0.031871 0.051185 0.647516 0.331671
0 0.731654 0.221701 0.033156 0.045828 0.731366 0.221945
0 0.494865 0.115638 0.03056 0.044378 0.495342 0.114713
0 0.573496 0.227653 0.033724 0.05297 0.574534 0.226933
0 0.731539 0.337414 0.029681 0.046519 0.732919 0.334165
0 0.495671 0.344604 0.038913 0.055946 0.495342 0.341646
0 0.651495 0.224924 0.030095 0.045641 0.650621 0.224439
0 0.731588 0.113082 0.031066 0.046423 0.731366 0.112219
0 0.495674 0.567251 0.02853 0.046317 0.496894 0.568579
0 0.570567 0.456871 0.030121 0.041787 0.569876 0.453865
0 0.732048 0.571775 0.030113 0.041179 0.732919 0.568579
0 0.655398 0.118737 0.032242 0.05059 0.653727 0.112219
0 0.733232 0.450347 0.027711 0.041955 0.732919 0.451372
0 0.575911 0.674852 0.029339 0.036862 0.57764 0.67581
0 0.573161 0.569358 0.030121 0.041787 0.571429 0.568579
0 0.331563 0.569831 0.031506 0.044575 0.332298 0.571072
