0 0.274417 0.231304 0.027776 0.046587 0.273292 0.229426
0 0.347627 0.335333 0.02873 0.047485 0.347826 0.331671
0 0.423913 0.333309 0.027315 0.041444 0.42236 0.331671
0 0.346243 0.230382 0.02715 0.045217 0.346273 0.229426
0 0.278631 0.343005 0.028477 0.043169 0.27795 0.341646
0 0.271284 0.437463 0.027101 0.040136 0.270186 0.436409
0 0.424033 0.228643 0.023841 0.036686 0.42236 0.226933
0 0.426043 0.127316 0.024399 0.037515 0.425466 0.127182
0 0.421559 0.531372 0.023577 0.03327 0.420807 0.528678
0 0.647173 0.12302 0.023335 0.038524 0.645963 0.119701
0 0.348976 0.129176 0.023186 0.036401 0.349379 0.127182
0 0.275435 0.130766 0.024739 0.040451 0.274845 0.129676
0 0.648097 0.438849 0.024714 0.038276 0.647516 0.438903
0 0.344265 0.43824 0.027699 0.042497 0.343168 0.436409
0 0.26667 0.536962 0.025584 0.040554 0.267081 0.533666
0 0.422297 0.438041 0.027948 0.04356 0.420807 0.436409
0 0.494279 0.327791 0.021247 0.033305 0.493789 0.326683
0 0.492778 0.535005 0.021053 0.032729 0.492236 0.533666
0 0.346111 0.632608 0.02388 0.03702 0.34472 0.630923
0 0.497174 0.124892 0.026641 0.046045 0.496894 0.122195
0 0.565155 0.327262 0.024373 0.039036 0.565217 0.326683
0 0.344883 0.530082 0.023715 0.036276 0.34472 0.528678
0 0.49117 0.44059 0.027075 0.040634 0.490683 0.441397
0 0.262175 0.633307 0.023815 0.04099 0.26087 0.633416
0 0.64832 0.331732 0.022156 0.038293 0.647516 0.331671
0 0.568507 0.439007 0.025155 0.039467 0.568323 0.438903
0 0.569131 0.226622 0.024213 0.041189 0.568323 0.224439
0 0.64777 0.549905 0.02613 0.039683 0.647516 0.548628
0 0.498234 0.227312 0.020048 0.038341 0.496894 0.226933
0 0.64792 0.221797 0.020204 0.040327 0.647516 0.221945
0 0.572289 0.128896 0.02357 0.042111 0.572981 0.127182
0 0.570949 0.543109 0.024677 0.035664 0.569876 0.543641
0 0.570528 0.640928 0.023838 0.039246 0.568323 0.640898
0 0.652327 0.647502 0.02668 0.040279 0.652174 0.645885
0 0.496591 0.641748 0.023451 0.035331 0.495342 0.643392
0 0.341228 0.739838 0.029148 0.041423 0.343168 0.738155
0 0.422539 0.636041 0.023667 0.036999 0.420807 0.633416
0 0.725172 0.230656 0.025332 0.038602 0.723602 0.229426
0 0.421964 0.743347 0.028997 0.045079 0.42236 0.740648
0 0.57436 0.74767 0.028022 0.043386 0.574534 0.745636
0 0.265859 0.733625 0.026703 0.040669 0.263975 0.730673
0 0.730747 0.439674 0.024977 0.039408 0.731366 0.438903
0 0.654724 0.748707 0.031667 0.053087 0.653727 0.745636
0 0.7259 0.125973 0.024261 0.037379 0.725155 0.124688
0 0.732229 0.54758 0.023597 0.039675 0.731366 0.546135
0 0.727435 0.331862 0.027208 0.040621 0.726708 0.329177
0 0.496635 0.741757 0.030535 0.042244 0.495342 0.738155
0 0.731878 0.654347 0.026177 0.04538 0.729814 0.65586
0 0.726486 0.738061 0.026841 0.048566 0.726708 0.738155
