0 0.646579 0.353343 0.076042 0.099472 0.649068 0.351621
0 0.468649 0.124508 0.075752 0.104788 0.468944 0.124688
0 0.473056 0.347774 0.07807 0.104939 0.475155 0.349127
0 0.305486 0.348342 0.073688 0.103745 0.304348 0.349127
0 0.64733 0.114714 0.07721 0.101564 0.649068 0.117207
0 0.1383 0.565824 0.070178 0.099544 0.141304 0.563591
0 0.303895 0.569657 0.066469 0.106268 0.304348 0.566085
0 0.302694 0.12763 0.078108 0.099822 0.305901 0.129676
0 0.649021 0.575455 0.075518 0.105175 0.653727 0.57606
0 0.139055 0.348723 0.076681 0.101889 0.138199 0.351621
0 0.835406 0.104121 0.080154 0.099087 0.836957 0.114713
0 0.478956 0.580585 0.063558 0.107984 0.481366 0.57606
0 0.137891 0.136326 0.081683 0.109102 0.136646 0.137157
0 0.83301 0.348036 0.085727 0.119493 0.835404 0.351621
0 0.832126 0.577025 0.085878 0.110912 0.832298 0.573566
0 0.307327 0.794951 0.083661 0.109929 0.307453 0.790524
0 0.475807 0.796148 0.076274 0.095321 0.475155 0.785536
