0 0.215096 0.16589 0.028805 0.052767 0.214286 0.164589
0 0.616082 0.414755 0.027289 0.051615 0.61646 0.416459
0 0.136328 0.306669 0.029712 0.050221 0.135093 0.306733
0 0.532704 0.282964 0.030077 0.053694 0.534161 0.281796
0 0.451069 0.288875 0.033873 0.051435 0.450311 0.289277
0 0.380865 0.555002 0.027622 0.0498 0.381988 0.55611
0 0.370708 0.290179 0.028255 0.046251 0.371118 0.291771
0 0.544061 0.682493 0.024767 0.053483 0.543478 0.680798
0 0.612771 0.27497 0.027273 0.051066 0.613354 0.276808
0 0.382861 0.686282 0.025438 0.052859 0.381988 0.685786
0 0.13131 0.56679 0.030589 0.044456 0.130435 0.563591
0 0.539137 0.551734 0.032447 0.054507 0.540373 0.548628
0 0.13363 0.035407 0.029334 0.043323 0.131988 0.034913
0 0.533468 0.421185 0.033882 0.058276 0.534161 0.418953
0 0.299262 0.425024 0.030606 0.047707 0.299689 0.421446
0 0.13918 0.177149 0.029408 0.049041 0.138199 0.177057
0 0.619036 0.549985 0.024579 0.047628 0.619565 0.551122
0 0.375715 0.420393 0.027492 0.04841 0.375776 0.42394
0 0.213463 0.03425 0.030137 0.042023 0.21118 0.037406
0 0.133405 0.70223 0.031056 0.04843 0.13354 0.700748
0 0.457406 0.550576 0.030027 0.049631 0.456522 0.551122
0 0.469885 0.695316 0.026263 0.058521 0.47205 0.693267
0 0.530303 0.146735 0.024918 0.046081 0.529503 0.147132
0 0.135167 0.433121 0.028124 0.045071 0.135093 0.433915
0 0.293771 0.033 0.029046 0.038958 0.291925 0.032419
0 0.216221 0.30142 0.029256 0.052044 0.214286 0.299252
0 0.617459 0.664755 0.027733 0.039605 0.618012 0.663342
0 0.218901 0.699698 0.028255 0.050064 0.218944 0.698254
0 0.609566 0.141493 0.028903 0.04539 0.608696 0.142145
0 0.301512 0.560555 0.031506 0.049875 0.302795 0.558603
0 0.218865 0.558673 0.033263 0.049707 0.215839 0.558603
0 0.37352 0.031437 0.02734 0.032208 0.374224 0.029925
0 0.457617 0.424661 0.036875 0.059455 0.454969 0.426434
0 0.447922 0.145687 0.028542 0.048357 0.447205 0.144638
0 0.296561 0.162637 0.039608 0.054935 0.296584 0.162095
0 0.371276 0.156131 0.039608 0.054935 0.372671 0.154613
0 0.296336 0.298529 0.029256 0.052044 0.296584 0.296758
0 0.21671 0.427202 0.03368 0.052026 0.217391 0.426434
0 0.303088 0.696447 0.031056 0.04843 0.302795 0.695761
