0 0.398194 0.290043 0.024278 0.043678 0.397516 0.289277
0 0.331484 0.491309 0.019402 0.033363 0.330745 0.491272
0 0.272202 0.188169 0.021838 0.037596 0.271739 0.187032
0 0.455909 0.38424 0.022253 0.039982 0.454969 0.38404
0 0.335429 0.189156 0.020182 0.036412 0.335404 0.189526
0 0.398948 0.390497 0.023781 0.0407 0.399068 0.389027
0 0.273041 0.287102 0.022234 0.035634 0.271739 0.286783
0 0.651305 0.290387 0.022875 0.039063 0.650621 0.289277
0 0.461731 0.288065 0.024333 0.043057 0.46118 0.286783
0 0.652375 0.392236 0.019387 0.033067 0.652174 0.391521
0 0.460893 0.19138 0.026233 0.047788 0.459627 0.187032
0 0.64905 0.192499 0.020053 0.038871 0.649068 0.19202
0 0.585765 0.284647 0.022879 0.044095 0.585404 0.281796
0 0.520354 0.287799 0.025898 0.042365 0.518634 0.286783
0 0.333109 0.287334 0.022276 0.041278 0.332298 0.284289
0 0.395103 0.489758 0.019787 0.035487 0.39441 0.488778
0 0.52466 0.192393 0.02297 0.046177 0.523292 0.19202
0 0.587775 0.49418 0.021655 0.036183 0.586957 0.493766
0 0.331849 0.575282 0.021291 0.038676 0.330745 0.57606
0 0.399833 0.190303 0.024166 0.04514 0.399068 0.189526
0 0.452105 0.487937 0.020541 0.034879 0.451863 0.486284
0 0.334783 0.387492 0.024326 0.041663 0.333851 0.389027
0 0.585836 0.188789 0.020268 0.041245 0.585404 0.184539
0 0.515093 0.379757 0.021082 0.040321 0.513975 0.379052
0 0.588194 0.387665 0.019554 0.033494 0.586957 0.386534
0 0.519093 0.495277 0.02015 0.035887 0.518634 0.493766
0 0.656453 0.602568 0.025649 0.039892 0.658385 0.603491
0 0.585645 0.598759 0.020644 0.032677 0.586957 0.600998
0 0.655544 0.495965 0.019308 0.030668 0.65528 0.496259
0 0.27791 0.396374 0.022258 0.032257 0.27795 0.394015
0 0.26701 0.577455 0.020649 0.035603 0.265528 0.57606
0 0.397125 0.580055 0.019572 0.034176 0.397516 0.578554
0 0.261646 0.675139 0.022645 0.035577 0.26087 0.673317
0 0.454288 0.584676 0.020461 0.038391 0.454969 0.586035
0 0.52032 0.592555 0.022115 0.033293 0.520186 0.591022
0 0.268927 0.487771 0.018297 0.034149 0.268634 0.486284
0 0.333581 0.674469 0.020182 0.037169 0.332298 0.673317
0 0.39931 0.677395 0.019893 0.035916 0.397516 0.67581
0 0.460885 0.68356 0.019263 0.036302 0.46118 0.680798
0 0.519548 0.686272 0.021095 0.03657 0.520186 0.685786
0 0.590001 0.695746 0.024632 0.0408 0.590062 0.695761
0 0.330633 0.774575 0.02185 0.033604 0.330745 0.773067
0 0.459517 0.77708 0.018647 0.036366 0.459627 0.775561
0 0.656587 0.699695 0.024227 0.042174 0.656832 0.698254
0 0.264887 0.76575 0.02269 0.035793 0.26087 0.765586
0 0.398743 0.776326 0.020846 0.033538 0.399068 0.775561
0 0.52708 0.783976 0.021095 0.03657 0.526398 0.783042
0 0.592135 0.789943 0.023156 0.0392 0.593168 0.790524
0 0.650364 0.776451 0.01968 0.03827 0.650621 0.775561
