0 0.403154 0.311808 0.019619 0.039404 0.403727 0.311721
0 0.334181 0.40593 0.023702 0.042492 0.333851 0.40399
0 0.336327 0.503493 0.022756 0.044071 0.335404 0.501247
0 0.334796 0.599579 0.021225 0.03843 0.333851 0.59601
0 0.33538 0.31422 0.019967 0.037803 0.333851 0.314214
0 0.272213 0.312525 0.020471 0.043344 0.271739 0.311721
0 0.335434 0.681571 0.021718 0.034282 0.335404 0.680798
0 0.279043 0.513486 0.025551 0.045584 0.27795 0.511222
0 0.532203 0.306825 0.019041 0.029192 0.531056 0.306733
0 0.271525 0.599502 0.019695 0.034928 0.270186 0.598504
0 0.596511 0.39308 0.018643 0.031507 0.596273 0.394015
0 0.602396 0.69949 0.018646 0.029525 0.602484 0.698254
0 0.524618 0.492132 0.020033 0.033785 0.524845 0.491272
0 0.463706 0.495412 0.019376 0.033855 0.462733 0.496259
0 0.401653 0.598262 0.020543 0.035908 0.400621 0.598504
0 0.599587 0.497701 0.018264 0.033698 0.599379 0.496259
0 0.403429 0.501766 0.019743 0.036618 0.402174 0.501247
0 0.460538 0.598673 0.020206 0.037296 0.459627 0.59601
0 0.403065 0.405055 0.018922 0.030751 0.402174 0.40399
0 0.464682 0.307595 0.022392 0.039229 0.464286 0.304239
0 0.467397 0.4012 0.018757 0.032649 0.467391 0.401496
0 0.59542 0.302529 0.020653 0.035786 0.59472 0.301746
0 0.271887 0.40826 0.019115 0.041055 0.270186 0.406484
0 0.603216 0.599356 0.020181 0.035193 0.602484 0.598504
0 0.528521 0.397748 0.018431 0.033129 0.52795 0.396509
0 0.533548 0.69486 0.019389 0.031137 0.532609 0.695761
0 0.527608 0.598827 0.020932 0.032263 0.52795 0.598504
0 0.464599 0.688826 0.018966 0.034537 0.464286 0.685786
0 0.268989 0.687725 0.017576 0.034532 0.268634 0.685786
0 0.404524 0.682841 0.019389 0.035457 0.40528 0.680798
0 0.337984 0.7785 0.021718 0.034282 0.336957 0.778055
0 0.405851 0.782258 0.020873 0.038156 0.40528 0.783042
0 0.471535 0.789198 0.020873 0.038156 0.470497 0.78803
0 0.534403 0.7863 0.024199 0.039327 0.534161 0.785536
0 0.607722 0.795322 0.023911 0.037013 0.608696 0.793017
