0 0.531047 0.849917 0.024568 0.040673 0.531056 0.84788
0 0.586621 0.566899 0.028687 0.045833 0.586957 0.566085
0 0.5865 0.379253 0.025941 0.040724 0.585404 0.379052
0 0.532339 0.471294 0.025441 0.040424 0.532609 0.471322
0 0.532165 0.377904 0.023409 0.038416 0.531056 0.376559
0 0.58644 0.850894 0.027742 0.042574 0.585404 0.850374
0 0.58673 0.661223 0.03022 0.045739 0.585404 0.660848
0 0.641422 0.381504 0.026092 0.042377 0.641304 0.379052
0 0.368086 0.469032 0.022843 0.035265 0.36646 0.468828
0 0.421924 0.754678 0.023265 0.041897 0.420807 0.750623
0 0.424516 0.282195 0.021569 0.032663 0.423913 0.281796
0 0.587034 0.473325 0.027256 0.043155 0.586957 0.471322
0 0.531508 0.755654 0.025691 0.042245 0.531056 0.753117
0 0.476876 0.659277 0.024351 0.038364 0.476708 0.658354
0 0.421805 0.659849 0.023418 0.035871 0.420807 0.658354
0 0.531425 0.565905 0.025677 0.042343 0.531056 0.566085
0 0.422418 0.468564 0.021053 0.03494 0.42236 0.466334
0 0.476677 0.565106 0.025781 0.041531 0.475155 0.563591
0 0.641143 0.474247 0.029093 0.047564 0.641304 0.471322
0 0.641306 0.288811 0.023598 0.037425 0.641304 0.286783
0 0.640721 0.758534 0.029764 0.047423 0.639752 0.755611
0 0.420838 0.847708 0.021804 0.035083 0.420807 0.845387
0 0.586587 0.286048 0.023318 0.035876 0.585404 0.284289
0 0.532296 0.284081 0.023225 0.036563 0.531056 0.281796
0 0.586333 0.756607 0.028237 0.043758 0.585404 0.755611
0 0.4221 0.563825 0.023652 0.035802 0.420807 0.563591
0 0.368997 0.375194 0.021476 0.033138 0.369565 0.374065
0 0.531707 0.660439 0.026772 0.045661 0.529503 0.658354
0 0.477423 0.37611 0.022347 0.034652 0.476708 0.374065
0 0.369146 0.28224 0.019584 0.030599 0.368012 0.281796
0 0.64053 0.567244 0.03239 0.052757 0.641304 0.566085
0 0.475659 0.848464 0.023006 0.036858 0.475155 0.84788
0 0.641398 0.851922 0.027445 0.045005 0.641304 0.850374
0 0.422737 0.376542 0.022559 0.034546 0.42236 0.376559
0 0.476632 0.47048 0.023294 0.036311 0.475155 0.468828
0 0.366526 0.845077 0.024091 0.037765 0.36646 0.842893
0 0.477494 0.283652 0.021158 0.033927 0.476708 0.281796
0 0.366781 0.655957 0.021868 0.03509 0.36646 0.65586
0 0.366736 0.750074 0.022363 0.036965 0.36646 0.753117
0 0.366983 0.563338 0.022214 0.035613 0.36646 0.563591
0 0.476218 0.753635 0.022895 0.036201 0.475155 0.753117
0 0.640918 0.661824 0.029898 0.050865 0.639752 0.660848
