0 0.189574 0.761851 0.028785 0.038255 0.187888 0.760599
0 0.189562 0.650276 0.032266 0.038401 0.187888 0.648379
0 0.547069 0.550872 0.037282 0.040855 0.543478 0.546135
0 0.283514 0.648402 0.031199 0.04169 0.284161 0.648379
0 0.192299 0.554931 0.028915 0.037161 0.190994 0.553616
0 0.18641 0.877311 0.025262 0.037866 0.186335 0.877805
0 0.285012 0.761241 0.024776 0.036088 0.284161 0.760599
0 0.091105 0.872804 0.022971 0.034156 0.090062 0.870324
0 0.454171 0.547796 0.024487 0.031461 0.453416 0.548628
0 0.643322 0.769662 0.03301 0.041112 0.642857 0.770574
0 0.553893 0.766416 0.033346 0.041112 0.552795 0.765586
0 0.557504 0.870079 0.03825 0.031774 0.554348 0.870324
0 0.100045 0.658477 0.029227 0.041431 0.097826 0.65586
0 0.638292 0.661063 0.024116 0.031505 0.638199 0.660848
0 0.547325 0.660057 0.032757 0.037606 0.546584 0.660848
0 0.282163 0.547824 0.025686 0.033787 0.282609 0.548628
0 0.092759 0.76548 0.023634 0.043953 0.090062 0.763092
0 0.372585 0.764867 0.026436 0.039013 0.371118 0.763092
0 0.361793 0.547786 0.028791 0.04302 0.363354 0.548628
0 0.364948 0.653352 0.030342 0.043951 0.36646 0.650873
0 0.4586 0.660765 0.028019 0.04367 0.459627 0.660848
0 0.461329 0.763231 0.029152 0.045862 0.458075 0.760599
0 0.369708 0.869288 0.029152 0.045862 0.371118 0.86783
0 0.28579 0.874547 0.032784 0.037254 0.284161 0.872818
0 0.639 0.860177 0.03721 0.04252 0.638199 0.860349
0 0.47634 0.87636 0.032896 0.024826 0.473602 0.877805
