0 0.270018 0.412434 0.050959 0.053437 0.268634 0.411471
0 0.395796 0.407394 0.054107 0.05297 0.395963 0.406484
0 0.392461 0.519287 0.051142 0.048209 0.392857 0.518703
0 0.396167 0.623441 0.050401 0.05297 0.397516 0.620948
0 0.395981 0.300264 0.052254 0.05178 0.395963 0.299252
0 0.272001 0.520981 0.050432 0.049582 0.271739 0.516209
0 0.270878 0.623919 0.05342 0.049634 0.270186 0.620948
0 0.268126 0.297585 0.05596 0.053565 0.268634 0.296758
0 0.151491 0.732093 0.049825 0.05588 0.149068 0.730673
0 0.284803 0.737714 0.049289 0.05297 0.284161 0.735661
0 0.156762 0.197002 0.051883 0.058327 0.15528 0.197007
0 0.391164 0.195539 0.046324 0.044587 0.389752 0.19202
0 0.509939 0.409775 0.036318 0.043447 0.509317 0.406484
0 0.272017 0.197002 0.052625 0.052375 0.271739 0.194514
0 0.51031 0.515418 0.034836 0.046423 0.51087 0.513716
0 0.392831 0.72462 0.039283 0.043447 0.39441 0.723192
0 0.155964 0.101774 0.05348 0.038091 0.161491 0.104738
0 0.151928 0.303079 0.052657 0.053291 0.152174 0.304239
0 0.1525 0.626417 0.049289 0.056541 0.152174 0.625935
0 0.148986 0.516255 0.052962 0.054374 0.147516 0.513716
0 0.147787 0.414753 0.052787 0.057299 0.145963 0.413965
