0 0.266143 0.212307 0.022383 0.047179 0.265528 0.21197
0 0.318761 0.497408 0.026558 0.044188 0.318323 0.496259
0 0.269891 0.409515 0.030447 0.053438 0.270186 0.406484
0 0.320627 0.307462 0.024334 0.039971 0.319876 0.306733
0 0.262279 0.582926 0.026967 0.055184 0.262422 0.581047
0 0.266143 0.306104 0.023082 0.049426 0.265528 0.304239
0 0.322175 0.400973 0.02573 0.047283 0.321429 0.399002
0 0.265243 0.496232 0.031912 0.051145 0.265528 0.496259
0 0.320541 0.57884 0.0224 0.045055 0.319876 0.578554
0 0.323419 0.214009 0.019155 0.036921 0.322981 0.21197
0 0.433985 0.398433 0.017602 0.039278 0.43323 0.396509
0 0.321495 0.674679 0.019653 0.037774 0.321429 0.673317
0 0.434885 0.210521 0.022222 0.037699 0.43323 0.209476
0 0.381156 0.214671 0.020143 0.038621 0.381988 0.209476
0 0.602488 0.215332 0.022593 0.037299 0.602484 0.214464
0 0.255762 0.672639 0.028777 0.044029 0.256211 0.67581
0 0.429545 0.49446 0.018724 0.029672 0.430124 0.493766
0 0.378899 0.57812 0.016657 0.030009 0.377329 0.578554
0 0.378247 0.492928 0.019663 0.030766 0.377329 0.491272
0 0.261219 0.765421 0.023926 0.044573 0.26087 0.765586
0 0.381034 0.402499 0.020854 0.039529 0.380435 0.401496
0 0.491736 0.211785 0.019666 0.037539 0.490683 0.21197
0 0.49083 0.684367 0.022222 0.036584 0.490683 0.685786
0 0.49047 0.593181 0.019566 0.032078 0.48913 0.591022
0 0.54621 0.212504 0.018988 0.03165 0.546584 0.21197
0 0.547792 0.39436 0.016379 0.030791 0.546584 0.394015
0 0.610325 0.496845 0.02013 0.032375 0.610248 0.496259
0 0.611132 0.594402 0.019977 0.031237 0.610248 0.593516
0 0.379797 0.677883 0.01831 0.032745 0.378882 0.67581
0 0.436202 0.680875 0.019381 0.032491 0.434783 0.678304
0 0.485884 0.390186 0.018688 0.031169 0.484472 0.389027
0 0.381184 0.307529 0.020088 0.039296 0.380435 0.304239
0 0.549609 0.496402 0.02005 0.031839 0.548137 0.496259
0 0.546445 0.300732 0.019255 0.036505 0.545031 0.301746
0 0.436554 0.306406 0.018988 0.038921 0.436335 0.304239
0 0.431791 0.586745 0.020054 0.03066 0.431677 0.586035
0 0.606013 0.398369 0.019258 0.031716 0.60559 0.396509
0 0.548789 0.595249 0.019916 0.035645 0.548137 0.59601
0 0.603502 0.303382 0.020564 0.039399 0.604037 0.301746
0 0.488842 0.306924 0.0184 0.039482 0.48913 0.306733
0 0.488051 0.49622 0.01888 0.032488 0.487578 0.496259
0 0.551874 0.686529 0.018882 0.031482 0.551242 0.685786
0 0.380402 0.773345 0.018371 0.032544 0.380435 0.770574
0 0.43616 0.773874 0.018597 0.03605 0.436335 0.773067
0 0.320941 0.775912 0.021241 0.034349 0.321429 0.775561
0 0.612285 0.6939 0.019193 0.030944 0.611801 0.693267
0 0.496429 0.779901 0.019352 0.03256 0.496894 0.778055
0 0.557596 0.780271 0.022808 0.038479 0.557453 0.780549
0 0.607244 0.767136 0.023039 0.037369 0.607143 0.76808
