0 0.575397 0.655689 0.0333 0.049719 0.574534 0.653367
0 0.573702 0.493146 0.032336 0.048889 0.572981 0.491272
0 0.572322 0.412185 0.029997 0.044592 0.571429 0.408978
0 0.511244 0.656572 0.03032 0.047642 0.51087 0.65586
0 0.575816 0.737107 0.032119 0.048352 0.574534 0.735661
0 0.509068 0.492813 0.031414 0.047509 0.509317 0.491272
0 0.510955 0.574221 0.031705 0.046794 0.51087 0.573566
0 0.576759 0.818726 0.031872 0.046603 0.576087 0.817955
0 0.446265 0.655393 0.029495 0.045182 0.445652 0.653367
0 0.636854 0.574223 0.031859 0.049592 0.636646 0.573566
0 0.512199 0.73828 0.03171 0.047211 0.512422 0.735661
0 0.508213 0.411495 0.02893 0.045736 0.507764 0.408978
0 0.639436 0.818998 0.030209 0.049255 0.639752 0.817955
0 0.4459 0.574876 0.030283 0.043662 0.445652 0.573566
0 0.633643 0.332758 0.027569 0.039854 0.63354 0.331671
0 0.636015 0.492684 0.031398 0.04782 0.635093 0.491272
0 0.382251 0.821064 0.026814 0.040978 0.381988 0.820449
0 0.57414 0.573854 0.031661 0.044825 0.572981 0.571072
0 0.380212 0.326658 0.027775 0.043128 0.380435 0.32419
0 0.382373 0.738941 0.026906 0.039694 0.381988 0.738155
0 0.447352 0.737142 0.031098 0.043785 0.445652 0.735661
0 0.571154 0.330402 0.027312 0.040212 0.569876 0.329177
0 0.314108 0.329207 0.028193 0.042557 0.313665 0.326683
0 0.637373 0.655308 0.031 0.049778 0.636646 0.653367
0 0.251165 0.492353 0.031356 0.047622 0.25 0.493766
0 0.25192 0.822615 0.02975 0.04537 0.251553 0.820449
0 0.251484 0.656567 0.027683 0.042064 0.251553 0.65586
0 0.635016 0.412713 0.028601 0.042419 0.63354 0.411471
0 0.316968 0.737768 0.025642 0.03798 0.31677 0.738155
0 0.316751 0.821335 0.029176 0.041377 0.315217 0.820449
0 0.251013 0.736455 0.028716 0.042225 0.25 0.735661
0 0.379239 0.409907 0.026639 0.039317 0.378882 0.408978
0 0.507735 0.329648 0.027959 0.040579 0.507764 0.326683
0 0.250136 0.327532 0.028897 0.043448 0.25 0.326683
0 0.447851 0.820336 0.028337 0.045318 0.447205 0.817955
0 0.315644 0.493339 0.028008 0.040661 0.315217 0.491272
0 0.512357 0.820503 0.030198 0.046441 0.512422 0.820449
0 0.382318 0.659762 0.029948 0.048677 0.380435 0.658354
0 0.63888 0.738139 0.030609 0.04834 0.638199 0.738155
0 0.444122 0.33083 0.028045 0.04266 0.442547 0.329177
0 0.252034 0.57423 0.02752 0.040011 0.251553 0.571072
0 0.381595 0.575298 0.026093 0.04168 0.380435 0.573566
0 0.445666 0.493184 0.026802 0.039637 0.444099 0.491272
0 0.380612 0.492772 0.02749 0.040568 0.380435 0.491272
0 0.443555 0.40856 0.027898 0.041814 0.442547 0.406484
0 0.316674 0.656829 0.029064 0.040978 0.315217 0.65586
0 0.315686 0.411943 0.026711 0.037605 0.313665 0.408978
0 0.250104 0.412387 0.03068 0.04692 0.25 0.413965
0 0.316044 0.572302 0.026622 0.040548 0.315217 0.573566
