0 0.199383 0.234088 0.032325 0.052004 0.200311 0.234414
0 0.37046 0.356293 0.033066 0.053184 0.369565 0.354115
0 0.449147 0.482151 0.033329 0.052467 0.448758 0.481297
0 0.452844 0.608189 0.030652 0.050308 0.454969 0.605985
0 0.200725 0.496213 0.041093 0.065455 0.200311 0.496259
0 0.450266 0.345279 0.029268 0.04594 0.450311 0.346633
0 0.284674 0.362454 0.035549 0.056009 0.284161 0.356608
0 0.371432 0.606086 0.033142 0.051269 0.371118 0.605985
0 0.535417 0.480073 0.028531 0.042559 0.535714 0.478803
0 0.192136 0.746284 0.035864 0.052973 0.189441 0.745636
0 0.368896 0.225928 0.029187 0.044979 0.369565 0.226933
0 0.629624 0.73589 0.029232 0.048893 0.628882 0.735661
0 0.197012 0.105052 0.024941 0.045012 0.197205 0.104738
0 0.700386 0.077476 0.030993 0.046144 0.701863 0.077307
0 0.282743 0.230067 0.032673 0.049226 0.282609 0.229426
0 0.616812 0.083336 0.029442 0.050577 0.61646 0.082294
0 0.285353 0.60916 0.03258 0.046157 0.284161 0.608479
0 0.624237 0.471986 0.029323 0.04492 0.624224 0.471322
0 0.284537 0.74078 0.027241 0.05129 0.284161 0.740648
0 0.530525 0.338592 0.029559 0.047474 0.529503 0.339152
0 0.62052 0.342442 0.032131 0.048429 0.621118 0.341646
0 0.454131 0.223171 0.027403 0.048955 0.454969 0.221945
0 0.711231 0.4694 0.029428 0.045226 0.71118 0.466334
0 0.533892 0.088858 0.029711 0.046479 0.534161 0.089776
0 0.284403 0.488991 0.036091 0.052851 0.285714 0.486284
0 0.37032 0.483501 0.032673 0.051931 0.369565 0.483791
0 0.713122 0.604451 0.033802 0.050189 0.712733 0.603491
0 0.203468 0.372066 0.036282 0.059504 0.203416 0.374065
0 0.702363 0.208407 0.032019 0.040677 0.701863 0.206983
0 0.281865 0.103282 0.028845 0.045792 0.282609 0.104738
0 0.706204 0.337259 0.034266 0.050564 0.706522 0.339152
0 0.198655 0.618051 0.03999 0.061775 0.197205 0.613466
0 0.449908 0.096169 0.033828 0.055204 0.450311 0.092269
0 0.625418 0.607746 0.031128 0.050573 0.624224 0.605985
0 0.713714 0.734159 0.034033 0.04604 0.714286 0.735661
0 0.540539 0.733597 0.027871 0.041853 0.53882 0.733167
0 0.540464 0.611068 0.026521 0.047797 0.53882 0.608479
0 0.457479 0.735214 0.022338 0.038602 0.456522 0.730673
0 0.617996 0.207237 0.032727 0.050786 0.618012 0.206983
0 0.710303 0.843723 0.038337 0.038093 0.712733 0.84788
0 0.370079 0.102661 0.033828 0.055204 0.369565 0.099751
0 0.531093 0.217515 0.032727 0.050786 0.532609 0.216958
0 0.377585 0.737445 0.028741 0.053921 0.377329 0.738155
