0 0.355214 0.363902 0.028277 0.041711 0.354037 0.36409
0 0.279194 0.36854 0.033183 0.047366 0.27795 0.36409
0 0.35488 0.466178 0.030176 0.04089 0.354037 0.46384
0 0.429735 0.257641 0.025103 0.043123 0.430124 0.256858
0 0.502798 0.466822 0.026453 0.03637 0.501553 0.466334
0 0.355156 0.567188 0.029624 0.044832 0.354037 0.566085
0 0.277296 0.670317 0.034464 0.045319 0.276398 0.670823
0 0.426855 0.360351 0.027675 0.043552 0.427019 0.359102
0 0.501154 0.356458 0.02744 0.040232 0.5 0.354115
0 0.354887 0.260403 0.026205 0.04058 0.354037 0.259352
0 0.425058 0.46458 0.029664 0.042354 0.425466 0.46384
0 0.275983 0.568907 0.029547 0.048462 0.27795 0.571072
0 0.278456 0.2629 0.03019 0.041578 0.27795 0.264339
0 0.58048 0.357198 0.026575 0.037565 0.580745 0.359102
0 0.202897 0.569186 0.030498 0.043864 0.203416 0.568579
0 0.50295 0.258478 0.024553 0.043777 0.501553 0.256858
0 0.202489 0.474125 0.032571 0.051244 0.201863 0.468828
0 0.42861 0.567698 0.026201 0.038505 0.427019 0.566085
0 0.277083 0.471478 0.033005 0.047452 0.276398 0.468828
0 0.207991 0.375121 0.030997 0.048339 0.206522 0.374065
0 0.428822 0.158294 0.029268 0.038108 0.428571 0.157107
0 0.504675 0.671654 0.026732 0.040225 0.504658 0.670823
0 0.356602 0.16347 0.027464 0.032272 0.35559 0.162095
0 0.429414 0.671177 0.025977 0.040314 0.430124 0.670823
0 0.583376 0.465187 0.028962 0.040851 0.582298 0.461347
0 0.580139 0.571401 0.025379 0.039434 0.580745 0.571072
0 0.58075 0.255914 0.031167 0.042128 0.582298 0.254364
0 0.655863 0.566653 0.025112 0.0422 0.65528 0.566085
0 0.355005 0.670918 0.030181 0.040146 0.35559 0.670823
0 0.512748 0.769864 0.023605 0.025529 0.513975 0.76808
0 0.654259 0.361902 0.024806 0.036848 0.65528 0.359102
0 0.659017 0.462522 0.021846 0.033034 0.659938 0.461347
0 0.503711 0.161731 0.029268 0.038108 0.504658 0.162095
0 0.505898 0.573316 0.026754 0.036615 0.506211 0.573566
0 0.583929 0.672363 0.032622 0.042436 0.583851 0.668329
0 0.357053 0.763837 0.025579 0.028514 0.357143 0.763092
0 0.430691 0.761164 0.023605 0.025529 0.43323 0.760599
