0 0.396936 0.408158 0.050436 0.053575 0.395963 0.406484
0 0.271441 0.411347 0.052819 0.05485 0.270186 0.408978
0 0.393759 0.519453 0.049642 0.046559 0.392857 0.516209
0 0.26886 0.298458 0.057982 0.053575 0.265528 0.296758
0 0.285217 0.739331 0.049095 0.048154 0.285714 0.740648
0 0.27442 0.52009 0.04845 0.051661 0.273292 0.516209
0 0.395744 0.625007 0.05123 0.049748 0.395963 0.623441
0 0.396141 0.299096 0.052819 0.048472 0.39441 0.299252
0 0.272633 0.623413 0.049642 0.054212 0.268634 0.620948
0 0.392567 0.196411 0.048053 0.049748 0.391304 0.19202
0 0.15111 0.732475 0.047259 0.056763 0.150621 0.72818
0 0.271044 0.195773 0.053613 0.051023 0.271739 0.197007
0 0.157799 0.197925 0.05215 0.055522 0.15528 0.199501
0 0.155162 0.101468 0.052736 0.037642 0.156832 0.102244
0 0.5127 0.408477 0.037331 0.044008 0.51087 0.406484
0 0.151904 0.304517 0.054407 0.056763 0.150621 0.304239
0 0.15208 0.623616 0.046907 0.056357 0.150621 0.618454
0 0.393759 0.726097 0.040111 0.044008 0.391304 0.720698
0 0.512914 0.51635 0.032932 0.050214 0.513975 0.513716
0 0.14833 0.414855 0.055202 0.058039 0.145963 0.411471
0 0.149918 0.519453 0.055202 0.058039 0.149068 0.516209
