0 0.281141 0.394192 0.03179 0.053017 0.281056 0.394015
0 0.352169 0.703888 0.032595 0.04702 0.352484 0.700748
0 0.351201 0.594579 0.031056 0.048889 0.350932 0.591022
0 0.352362 0.387565 0.029955 0.048599 0.352484 0.386534
0 0.431209 0.703049 0.026868 0.038138 0.431677 0.705736
0 0.276556 0.495808 0.032401 0.04909 0.274845 0.496259
0 0.274111 0.599142 0.035458 0.051544 0.273292 0.59601
0 0.503462 0.380265 0.029755 0.043562 0.503106 0.379052
0 0.352879 0.282135 0.030144 0.043462 0.354037 0.281796
0 0.430308 0.382901 0.029344 0.042217 0.431677 0.38404
0 0.579627 0.490408 0.030261 0.046144 0.579193 0.488778
0 0.269092 0.706952 0.03056 0.048 0.268634 0.703242
0 0.431236 0.279978 0.029322 0.04385 0.430124 0.276808
0 0.428881 0.596197 0.027308 0.045654 0.428571 0.593516
0 0.354861 0.179526 0.028015 0.039557 0.354037 0.177057
0 0.350473 0.493914 0.034346 0.046006 0.350932 0.493766
0 0.349681 0.813802 0.027932 0.042775 0.350932 0.812968
0 0.506725 0.276621 0.028121 0.044672 0.506211 0.274314
0 0.662155 0.489809 0.026597 0.040469 0.661491 0.488778
0 0.429391 0.490653 0.031178 0.044672 0.428571 0.491272
0 0.280989 0.285212 0.02965 0.046144 0.281056 0.281796
0 0.281636 0.183868 0.027132 0.04462 0.281056 0.182045
0 0.737554 0.379813 0.028633 0.038575 0.737578 0.379052
0 0.502188 0.490977 0.032916 0.04697 0.503106 0.491272
0 0.503821 0.599878 0.030261 0.046144 0.503106 0.59601
0 0.577945 0.374801 0.025676 0.044672 0.57764 0.374065
0 0.273069 0.810389 0.029983 0.041338 0.271739 0.80798
0 0.429074 0.813369 0.026148 0.041895 0.428571 0.810474
0 0.659559 0.378974 0.025065 0.03829 0.658385 0.379052
0 0.579666 0.273174 0.027115 0.040287 0.580745 0.274314
0 0.657811 0.269757 0.027018 0.039795 0.658385 0.27182
0 0.431891 0.176873 0.029234 0.046827 0.431677 0.174564
0 0.740314 0.48784 0.025329 0.03944 0.73913 0.486284
0 0.66332 0.809656 0.03456 0.050887 0.664596 0.810474
0 0.657684 0.16797 0.028467 0.039012 0.658385 0.169576
0 0.508031 0.704916 0.026266 0.040225 0.506211 0.703242
0 0.660789 0.598256 0.024017 0.033914 0.659938 0.598504
0 0.663115 0.706365 0.030345 0.047989 0.663043 0.705736
0 0.50464 0.173437 0.029234 0.046827 0.504658 0.17207
0 0.580742 0.174515 0.02803 0.039763 0.580745 0.17207
0 0.731544 0.175005 0.030261 0.044672 0.731366 0.17207
0 0.731863 0.276863 0.028401 0.041243 0.732919 0.274314
0 0.583753 0.60086 0.032401 0.044181 0.583851 0.598504
0 0.740603 0.603258 0.025329 0.03944 0.740683 0.600998
0 0.583642 0.709655 0.026266 0.040225 0.585404 0.708229
0 0.74057 0.711103 0.030345 0.044435 0.742236 0.708229
0 0.507332 0.81388 0.032826 0.048572 0.507764 0.812968
0 0.594051 0.823433 0.032826 0.048572 0.59472 0.822943
0 0.739944 0.803614 0.030345 0.044435 0.73913 0.802993
