0 0.616001 0.572213 0.029894 0.045269 0.61646 0.571072
0 0.459337 0.489938 0.025229 0.040741 0.458075 0.486284
0 0.457161 0.393468 0.022559 0.034362 0.456522 0.391521
0 0.506153 0.204444 0.022518 0.033466 0.506211 0.201995
0 0.405498 0.394768 0.020058 0.029178 0.40528 0.394015
0 0.560601 0.388843 0.026805 0.040902 0.560559 0.389027
0 0.354521 0.490511 0.017373 0.026729 0.354037 0.488778
0 0.615153 0.483344 0.032948 0.053363 0.614907 0.481297
0 0.56363 0.483977 0.030129 0.047579 0.562112 0.481297
0 0.510921 0.486183 0.026871 0.042602 0.509317 0.483791
0 0.617467 0.666354 0.026818 0.041938 0.61646 0.665835
0 0.563852 0.5761 0.027161 0.041991 0.563665 0.57606
0 0.613635 0.386343 0.032298 0.046951 0.613354 0.38404
0 0.55924 0.296442 0.024616 0.038823 0.557453 0.294264
0 0.511014 0.578343 0.024576 0.036426 0.51087 0.578554
0 0.355913 0.582866 0.017604 0.027435 0.35559 0.581047
0 0.558189 0.203247 0.024971 0.039117 0.557453 0.201995
0 0.618536 0.76036 0.023621 0.038819 0.618012 0.758105
0 0.453324 0.206812 0.020642 0.030213 0.451863 0.206983
0 0.406576 0.489419 0.020044 0.029043 0.406832 0.488778
0 0.566309 0.762698 0.022387 0.036435 0.565217 0.763092
0 0.460325 0.672597 0.022655 0.031616 0.459627 0.670823
0 0.508963 0.391872 0.024538 0.037361 0.509317 0.391521
0 0.50733 0.297877 0.023792 0.037103 0.506211 0.296758
0 0.355268 0.399334 0.019259 0.028721 0.354037 0.396509
0 0.459487 0.579979 0.022129 0.032668 0.458075 0.578554
0 0.403848 0.301114 0.019889 0.029392 0.403727 0.301746
0 0.610462 0.2004 0.024788 0.038066 0.608696 0.199501
0 0.565122 0.668809 0.025067 0.039626 0.565217 0.668329
0 0.611097 0.293758 0.027684 0.043016 0.610248 0.291771
0 0.356606 0.676567 0.019099 0.02554 0.35559 0.67581
0 0.402283 0.208367 0.018945 0.02754 0.402174 0.206983
0 0.303783 0.49372 0.01768 0.028293 0.302795 0.491272
0 0.410941 0.769172 0.018115 0.029021 0.409938 0.76808
0 0.35986 0.76995 0.015936 0.026145 0.358696 0.76808
0 0.351684 0.3029 0.016653 0.027576 0.350932 0.301746
0 0.306908 0.677757 0.016566 0.025275 0.305901 0.678304
0 0.30358 0.586154 0.017398 0.027351 0.304348 0.586035
0 0.302821 0.400577 0.016852 0.025683 0.302795 0.399002
0 0.462632 0.765522 0.018117 0.028536 0.462733 0.765586
0 0.513129 0.671212 0.023143 0.034094 0.512422 0.670823
0 0.515109 0.763799 0.020046 0.031125 0.515528 0.763092
0 0.350925 0.211218 0.01637 0.02427 0.350932 0.209476
0 0.308032 0.769654 0.015337 0.024883 0.307453 0.76808
0 0.407844 0.581419 0.01997 0.029629 0.406832 0.581047
0 0.454939 0.299714 0.022585 0.033327 0.454969 0.299252
0 0.299769 0.215262 0.017861 0.026274 0.299689 0.214464
0 0.40781 0.675708 0.022167 0.027866 0.408385 0.673317
0 0.298846 0.305114 0.020056 0.025324 0.298137 0.304239
