0 0.393482 0.437246 0.019841 0.036125 0.392857 0.436409
0 0.396816 0.342267 0.022121 0.04136 0.397516 0.341646
0 0.285315 0.353394 0.021834 0.037821 0.284161 0.351621
0 0.451552 0.340109 0.022559 0.044308 0.450311 0.336658
0 0.334819 0.442692 0.022856 0.042118 0.333851 0.438903
0 0.334647 0.521959 0.021477 0.037805 0.333851 0.521197
0 0.338026 0.34573 0.019993 0.04196 0.336957 0.34414
0 0.397536 0.247511 0.020042 0.034478 0.397516 0.246883
0 0.570132 0.243627 0.019822 0.039405 0.569876 0.239401
0 0.454062 0.150867 0.018308 0.032799 0.453416 0.149626
0 0.505404 0.334479 0.01952 0.035475 0.504658 0.334165
0 0.3359 0.245837 0.020678 0.03495 0.335404 0.244389
0 0.447814 0.439573 0.021087 0.04105 0.447205 0.436409
0 0.279306 0.151921 0.017851 0.032021 0.279503 0.149626
0 0.44973 0.533868 0.017682 0.039236 0.448758 0.531172
0 0.278048 0.44137 0.020313 0.040755 0.27795 0.438903
0 0.398475 0.152397 0.016904 0.030808 0.397516 0.15212
0 0.336333 0.613541 0.01762 0.030206 0.335404 0.613466
0 0.57251 0.340315 0.018902 0.035758 0.571429 0.339152
0 0.509322 0.441735 0.019097 0.032882 0.509317 0.441397
0 0.279814 0.245388 0.01862 0.03275 0.279503 0.241895
0 0.574502 0.438568 0.018774 0.036582 0.572981 0.436409
0 0.637626 0.542569 0.01927 0.033621 0.636646 0.541147
0 0.274548 0.52441 0.017951 0.031329 0.273292 0.523691
0 0.637632 0.441284 0.018111 0.029612 0.636646 0.438903
0 0.455562 0.245907 0.019158 0.036751 0.454969 0.244389
0 0.338508 0.153761 0.016366 0.030674 0.338509 0.15212
0 0.569691 0.151704 0.021074 0.040969 0.569876 0.149626
0 0.513772 0.153188 0.020519 0.039781 0.513975 0.15212
0 0.39827 0.620782 0.01936 0.033305 0.397516 0.618454
0 0.267083 0.61751 0.019545 0.035337 0.267081 0.61596
0 0.508853 0.243557 0.01813 0.034359 0.507764 0.241895
0 0.39695 0.524091 0.017743 0.031612 0.395963 0.523691
0 0.512796 0.542109 0.018925 0.034384 0.512422 0.541147
0 0.333673 0.717282 0.019085 0.032986 0.332298 0.715711
0 0.633806 0.343732 0.019173 0.034333 0.63354 0.341646
0 0.572847 0.542095 0.01981 0.039202 0.571429 0.543641
0 0.630547 0.155321 0.020257 0.039079 0.628882 0.154613
0 0.271182 0.708566 0.020627 0.036362 0.270186 0.705736
0 0.631492 0.24464 0.01864 0.036371 0.630435 0.244389
0 0.397648 0.71831 0.019298 0.033885 0.395963 0.718204
0 0.576197 0.635418 0.020823 0.035303 0.576087 0.63591
0 0.51089 0.628022 0.022984 0.038565 0.51087 0.625935
0 0.455157 0.626772 0.019227 0.039581 0.453416 0.628429
0 0.639265 0.644249 0.020958 0.035492 0.639752 0.640898
0 0.517126 0.724136 0.02028 0.038149 0.517081 0.723192
0 0.454639 0.719263 0.018316 0.036178 0.454969 0.718204
0 0.580796 0.726639 0.024491 0.045415 0.580745 0.725686
0 0.633732 0.717918 0.024793 0.043658 0.635093 0.715711
