0 0.409434 0.469641 0.034793 0.039545 0.409938 0.468828
0 0.406445 0.564276 0.039448 0.050797 0.406832 0.561097
0 0.496373 0.662793 0.037782 0.047846 0.495342 0.660848
0 0.585947 0.661638 0.028423 0.040752 0.585404 0.660848
0 0.492999 0.767631 0.0382 0.053896 0.492236 0.763092
0 0.496087 0.559497 0.034153 0.046717 0.495342 0.55611
0 0.586137 0.5586 0.030139 0.036519 0.583851 0.55611
0 0.585738 0.764536 0.030366 0.042685 0.585404 0.763092
0 0.495606 0.469634 0.031455 0.034899 0.493789 0.466334
0 0.399767 0.665044 0.046341 0.05301 0.399068 0.663342
0 0.674203 0.764709 0.027912 0.041417 0.673913 0.763092
0 0.671634 0.661869 0.024816 0.035831 0.67236 0.660848
