0 0.496513 0.608334 0.026879 0.026601 0.496449 0.605548
0 0.656928 0.299298 0.023938 0.026507 0.657197 0.298151
0 0.612143 0.599274 0.02508 0.025768 0.6134 0.600765
0 0.52429 0.166491 0.027756 0.031872 0.524384 0.165179
0 0.530677 0.389635 0.028243 0.028836 0.531013 0.388712
0 0.176267 0.29179 0.023404 0.025602 0.175189 0.291454
0 0.193326 0.159405 0.024376 0.030771 0.193655 0.158163
0 0.39348 0.604172 0.027966 0.027946 0.394176 0.603635
0 0.506894 0.499818 0.023772 0.025309 0.506866 0.498724
0 0.642905 0.387556 0.020319 0.02365 0.644176 0.38648
0 0.530469 0.27948 0.027285 0.0249 0.531013 0.277742
0 0.173455 0.479784 0.023065 0.02579 0.172822 0.478635
0 0.307768 0.271629 0.030606 0.032991 0.308475 0.270408
0 0.327025 0.161964 0.023453 0.026775 0.326705 0.161671
0 0.213869 0.413168 0.027316 0.029124 0.213778 0.410077
0 0.648473 0.184043 0.024629 0.026405 0.648438 0.182717
0 0.395054 0.698239 0.026185 0.026265 0.39465 0.697704
0 0.63349 0.493329 0.024626 0.024755 0.633996 0.492985
0 0.29942 0.494162 0.032664 0.032304 0.299006 0.492666
0 0.434157 0.065143 0.021905 0.023483 0.432765 0.064094
0 0.286406 0.391382 0.034916 0.031998 0.287405 0.389031
0 0.402535 0.499157 0.027147 0.027698 0.400568 0.498724
0 0.332845 0.077042 0.026335 0.022253 0.331913 0.077168
0 0.414694 0.393349 0.032353 0.031177 0.412169 0.396684
0 0.636788 0.082501 0.018834 0.022896 0.636837 0.082589
0 0.419104 0.164217 0.02865 0.02897 0.419508 0.162309
0 0.299204 0.606135 0.02642 0.022671 0.297822 0.60523
0 0.420938 0.265559 0.022882 0.024861 0.421875 0.264668
0 0.489979 0.701823 0.022083 0.020616 0.489347 0.700255
0 0.296289 0.686849 0.021465 0.022586 0.295455 0.6875
0 0.181088 0.59018 0.019889 0.022102 0.181581 0.589286
0 0.529024 0.065512 0.025983 0.025898 0.530777 0.064732
