0 0.632606 0.291309 0.029229 0.027384 0.635653 0.292092
0 0.506175 0.405162 0.033113 0.033522 0.504972 0.405931
0 0.482788 0.613119 0.039599 0.033198 0.480824 0.61352
0 0.629095 0.401001 0.028983 0.026437 0.632812 0.401786
0 0.37773 0.613346 0.027 0.025766 0.375947 0.612883
0 0.272473 0.167096 0.040261 0.034835 0.270597 0.166135
0 0.485927 0.706065 0.028732 0.028437 0.485795 0.703763
0 0.392398 0.282512 0.027908 0.031387 0.392282 0.28125
0 0.606939 0.510348 0.027779 0.027388 0.607718 0.507653
0 0.379942 0.502396 0.032659 0.033454 0.379025 0.504145
0 0.6258 0.179961 0.033187 0.030075 0.62571 0.178571
0 0.367193 0.402444 0.026258 0.03347 0.367188 0.399872
0 0.245336 0.488314 0.028483 0.027444 0.242898 0.489477
0 0.376946 0.693175 0.023989 0.025371 0.376657 0.691008
0 0.597571 0.61726 0.026158 0.025356 0.597538 0.615115
0 0.422309 0.089061 0.025805 0.026377 0.421875 0.08801
0 0.514508 0.175888 0.032496 0.032621 0.513021 0.17602
0 0.763438 0.19829 0.021272 0.02436 0.764205 0.198661
0 0.253218 0.600205 0.035918 0.028261 0.252841 0.59949
0 0.290828 0.424274 0.02981 0.028056 0.291193 0.425064
0 0.59322 0.709735 0.022831 0.020498 0.592803 0.709184
0 0.414606 0.174062 0.027091 0.028886 0.414536 0.173151
0 0.248076 0.301935 0.035125 0.027881 0.248106 0.30102
0 0.490138 0.510739 0.029105 0.032622 0.48982 0.509566
0 0.51576 0.277821 0.039047 0.0381 0.515388 0.277423
0 0.531869 0.079516 0.032496 0.032621 0.531013 0.078444
0 0.636916 0.080782 0.022885 0.024802 0.637784 0.080357
0 0.772946 0.314322 0.01814 0.021535 0.773201 0.314413
0 0.756279 0.398838 0.017745 0.019205 0.757102 0.398597
