0 0.52523 0.282816 0.025307 0.028717 0.525095 0.279656
0 0.526096 0.390697 0.024002 0.030039 0.526515 0.388712
0 0.438044 0.165387 0.025319 0.033242 0.438447 0.163584
0 0.261759 0.69076 0.015077 0.018994 0.262547 0.69037
0 0.353759 0.272408 0.024297 0.03126 0.35393 0.271046
0 0.592304 0.601078 0.022734 0.027628 0.593513 0.598214
0 0.52003 0.166901 0.022393 0.028184 0.51965 0.165816
0 0.257098 0.292215 0.023862 0.028492 0.257102 0.290816
0 0.511605 0.501488 0.023104 0.027755 0.512311 0.499681
0 0.70186 0.202743 0.016812 0.020765 0.702178 0.202168
0 0.436884 0.394821 0.027276 0.036489 0.4375 0.393814
0 0.607692 0.493846 0.020548 0.023689 0.607955 0.492985
0 0.613233 0.387426 0.01999 0.023941 0.61411 0.38648
0 0.259922 0.592546 0.022858 0.027873 0.259943 0.59088
0 0.614809 0.183871 0.027713 0.033453 0.615294 0.183036
0 0.426821 0.699076 0.023421 0.026791 0.426373 0.699936
0 0.350386 0.494576 0.025164 0.031419 0.349905 0.493304
0 0.350391 0.684814 0.021496 0.023303 0.350379 0.683036
0 0.450079 0.066123 0.018806 0.023537 0.451231 0.06537
0 0.685855 0.488861 0.018086 0.023136 0.68608 0.487883
0 0.62364 0.300714 0.017548 0.023673 0.624527 0.299745
0 0.374109 0.078039 0.021381 0.025697 0.374527 0.077168
0 0.369108 0.164491 0.021411 0.027531 0.368845 0.16199
0 0.424187 0.603195 0.02616 0.03278 0.424716 0.606186
0 0.430008 0.498815 0.02506 0.031863 0.431108 0.497768
0 0.27014 0.15741 0.025091 0.030716 0.27036 0.155612
0 0.575586 0.697011 0.020848 0.02659 0.575521 0.694834
0 0.440644 0.267908 0.021483 0.031125 0.440814 0.266263
0 0.287425 0.415054 0.026033 0.030645 0.285748 0.414222
0 0.252566 0.482284 0.021315 0.024819 0.253314 0.48023
0 0.694714 0.38927 0.01792 0.022825 0.695549 0.387755
0 0.502775 0.608222 0.022399 0.025529 0.503078 0.606824
0 0.6732 0.579072 0.017675 0.022461 0.673295 0.577487
0 0.339386 0.392903 0.026907 0.033963 0.340909 0.391901
0 0.700031 0.298263 0.017948 0.023187 0.700284 0.296237
0 0.348252 0.605348 0.02616 0.03278 0.349669 0.605548
0 0.499393 0.703185 0.020547 0.022562 0.499053 0.702487
0 0.524335 0.068339 0.022393 0.028184 0.523674 0.066008
0 0.604823 0.084166 0.019801 0.025777 0.604877 0.082908
0 0.680426 0.123162 0.017268 0.024385 0.680871 0.124362
