0 0.119333 0.323775 0.019158 0.024056 0.119318 0.323023
0 0.296359 0.097687 0.021398 0.026529 0.297348 0.096939
0 0.463793 0.329714 0.022165 0.028303 0.464489 0.329082
0 0.220936 0.195207 0.019972 0.024889 0.220644 0.19611
0 0.370036 0.311069 0.024187 0.028222 0.368845 0.311224
0 0.363265 0.196164 0.020981 0.027709 0.3634 0.194196
0 0.45545 0.211783 0.026771 0.033634 0.455729 0.211416
0 0.134854 0.191646 0.019942 0.026685 0.134943 0.19324
0 0.371562 0.421298 0.023317 0.028468 0.371212 0.420281
0 0.456964 0.419447 0.0176 0.023436 0.457386 0.418367
0 0.53426 0.42075 0.013866 0.021935 0.534328 0.422194
0 0.4225 0.732709 0.016629 0.02198 0.422112 0.731824
0 0.287296 0.194366 0.024044 0.028687 0.287642 0.192602
0 0.192821 0.420197 0.025927 0.030574 0.191761 0.423788
0 0.278459 0.734837 0.017344 0.023369 0.279356 0.735332
0 0.452182 0.527672 0.020414 0.024726 0.452178 0.526467
0 0.512767 0.619324 0.017602 0.024848 0.513731 0.618304
0 0.285466 0.424792 0.023064 0.026507 0.286222 0.423469
0 0.525654 0.523531 0.019214 0.02174 0.526042 0.521046
0 0.206627 0.302259 0.02192 0.029811 0.207623 0.301977
0 0.36107 0.534588 0.020234 0.026653 0.361506 0.533801
0 0.5396 0.230943 0.022071 0.028661 0.54072 0.229273
0 0.352509 0.645327 0.023885 0.024416 0.352509 0.643176
0 0.143484 0.441288 0.018976 0.03035 0.144176 0.439732
0 0.118044 0.511598 0.016713 0.025085 0.118608 0.510204
0 0.446702 0.108082 0.023547 0.025738 0.447917 0.105867
0 0.349231 0.736629 0.017751 0.021022 0.349905 0.733737
0 0.520849 0.144854 0.022566 0.023119 0.521544 0.142219
0 0.202027 0.524894 0.021768 0.023619 0.202888 0.522321
0 0.287437 0.296448 0.02369 0.026299 0.288116 0.295599
0 0.369675 0.093367 0.025528 0.031566 0.370265 0.090561
0 0.275345 0.638637 0.022448 0.029864 0.276042 0.639987
0 0.437696 0.635746 0.021956 0.025008 0.441998 0.639668
0 0.227 0.10913 0.017665 0.023548 0.227746 0.109375
0 0.537879 0.329714 0.022165 0.028303 0.539062 0.328763
0 0.497087 0.713391 0.01227 0.017111 0.496686 0.712691
0 0.203282 0.63659 0.016591 0.022849 0.203362 0.635842
0 0.204353 0.721273 0.016562 0.01727 0.204782 0.720982
0 0.122238 0.624469 0.0131 0.015519 0.121686 0.624681
