0 0.605592 0.715523 0.023129 0.026952 0.605824 0.713967
0 0.688914 0.613481 0.025374 0.030877 0.688684 0.612564
0 0.675089 0.716615 0.02227 0.027789 0.675426 0.715242
0 0.534874 0.513607 0.025168 0.032545 0.534564 0.512117
0 0.762631 0.603846 0.020221 0.026786 0.761837 0.602041
0 0.538933 0.410558 0.02306 0.030914 0.538826 0.40912
0 0.606271 0.621393 0.023476 0.030283 0.606061 0.619579
0 0.697369 0.511763 0.023004 0.030078 0.69768 0.509566
0 0.620315 0.407099 0.019211 0.025013 0.621212 0.405293
0 0.611353 0.51507 0.020754 0.030842 0.611979 0.514031
0 0.542418 0.18954 0.022448 0.028453 0.541903 0.188138
0 0.769706 0.508219 0.018167 0.025249 0.76965 0.507015
0 0.534195 0.615303 0.024721 0.033077 0.533617 0.614158
0 0.467762 0.291678 0.024124 0.025816 0.466856 0.290179
0 0.542689 0.288286 0.018757 0.026751 0.543087 0.286671
0 0.697459 0.405391 0.023724 0.030626 0.69768 0.404018
0 0.619724 0.298935 0.026286 0.029764 0.619318 0.297513
0 0.752717 0.701588 0.01966 0.02461 0.751894 0.699936
0 0.615541 0.191089 0.022974 0.027026 0.615294 0.189094
0 0.535369 0.710286 0.022746 0.032256 0.535748 0.708546
0 0.458077 0.4111 0.019062 0.033296 0.45928 0.411033
0 0.469693 0.506847 0.019503 0.029771 0.468277 0.506696
0 0.465958 0.618304 0.024721 0.033077 0.465672 0.617347
0 0.464287 0.702338 0.024721 0.033077 0.465199 0.702168
0 0.703546 0.314437 0.025 0.028338 0.704309 0.314094
