0 0.565113 0.630516 0.017394 0.021885 0.565814 0.628827
0 0.666653 0.233933 0.015146 0.021572 0.66714 0.233099
0 0.593057 0.331242 0.017555 0.022579 0.593513 0.329401
0 0.584776 0.21258 0.022872 0.026541 0.585227 0.212054
0 0.661146 0.419583 0.014276 0.019903 0.661695 0.418367
0 0.499822 0.418811 0.02289 0.029508 0.502841 0.420918
0 0.638098 0.609391 0.01583 0.022753 0.638494 0.608099
0 0.664592 0.329256 0.016617 0.021428 0.664536 0.327806
0 0.545063 0.72602 0.018499 0.023074 0.545455 0.724171
0 0.643165 0.154461 0.017299 0.019525 0.643466 0.152423
0 0.579546 0.525296 0.016985 0.023797 0.580492 0.523597
0 0.263134 0.185409 0.024818 0.030444 0.263494 0.183992
0 0.492089 0.193363 0.017764 0.024804 0.493134 0.191008
0 0.420273 0.191282 0.018737 0.028877 0.420455 0.190051
0 0.33769 0.713586 0.016382 0.021867 0.336884 0.715242
0 0.359801 0.108892 0.018422 0.020152 0.359138 0.106824
0 0.416601 0.424417 0.021117 0.031149 0.415956 0.425702
0 0.584696 0.417137 0.015247 0.020003 0.585701 0.416454
0 0.355425 0.191053 0.019286 0.026522 0.355824 0.190051
0 0.246234 0.324726 0.023618 0.027356 0.245502 0.323342
0 0.652044 0.51783 0.015559 0.021816 0.652936 0.518495
0 0.337189 0.637117 0.017693 0.020065 0.337358 0.63648
0 0.618858 0.701117 0.015931 0.020084 0.618608 0.699298
0 0.501598 0.30813 0.025019 0.035149 0.5 0.308036
0 0.496231 0.095307 0.022724 0.029049 0.496212 0.094388
0 0.476436 0.732505 0.018724 0.023408 0.477036 0.730548
0 0.259201 0.719625 0.015091 0.02041 0.258759 0.71875
0 0.479581 0.640124 0.017915 0.023713 0.47964 0.641582
0 0.255285 0.619113 0.017289 0.023509 0.254025 0.621492
0 0.281893 0.449341 0.019121 0.030968 0.281723 0.447385
0 0.426989 0.092959 0.017212 0.024055 0.42732 0.091199
0 0.247512 0.510123 0.020377 0.031478 0.247633 0.50861
0 0.325606 0.422406 0.024562 0.035927 0.325994 0.420599
0 0.339914 0.302513 0.02771 0.039135 0.340909 0.299426
0 0.419814 0.293273 0.024481 0.0337 0.420691 0.293048
0 0.335372 0.523251 0.024562 0.035927 0.336174 0.523916
0 0.408103 0.531141 0.024562 0.035927 0.409328 0.530931
0 0.486204 0.530812 0.024562 0.035927 0.487453 0.530931
0 0.405917 0.638585 0.01956 0.02582 0.40625 0.637755
0 0.40973 0.729789 0.017323 0.022296 0.409801 0.729592
0 0.572912 0.113446 0.017126 0.023407 0.57339 0.112883
