0 0.427227 0.613217 0.022013 0.02677 0.427083 0.611607
0 0.280844 0.163941 0.019888 0.02617 0.281013 0.162628
0 0.52093 0.288897 0.020712 0.023579 0.521307 0.287628
0 0.514416 0.173784 0.021416 0.024016 0.514441 0.170918
0 0.500221 0.617407 0.01782 0.021544 0.50142 0.617347
0 0.613506 0.307155 0.017652 0.022121 0.613636 0.305166
0 0.43839 0.171023 0.020832 0.027143 0.43821 0.169324
0 0.58693 0.608928 0.018942 0.023863 0.587121 0.610969
0 0.59987 0.501681 0.018168 0.02379 0.599905 0.500957
0 0.604589 0.395582 0.017896 0.023863 0.605824 0.393495
0 0.357068 0.692892 0.016007 0.021396 0.357955 0.691327
0 0.358318 0.280694 0.024077 0.027804 0.358191 0.279018
0 0.507403 0.508155 0.016203 0.022916 0.507102 0.509247
0 0.266807 0.30114 0.017945 0.022835 0.267045 0.30102
0 0.355919 0.613911 0.017822 0.019772 0.35535 0.614158
0 0.376384 0.085679 0.018727 0.021332 0.376894 0.084503
0 0.428598 0.706396 0.017296 0.021409 0.429688 0.704719
0 0.520887 0.398665 0.019333 0.023716 0.52178 0.397003
0 0.373427 0.169237 0.015987 0.022645 0.37358 0.168367
0 0.273365 0.602123 0.019848 0.023721 0.273201 0.601084
0 0.440584 0.272194 0.017209 0.021872 0.441288 0.269452
0 0.434064 0.405438 0.022316 0.029274 0.434422 0.403061
0 0.412155 0.118134 0.020786 0.024073 0.412405 0.117028
0 0.607254 0.192448 0.022428 0.028444 0.607718 0.19037
0 0.353759 0.502596 0.021083 0.023115 0.354167 0.501594
0 0.429103 0.50844 0.021083 0.023115 0.429214 0.507972
0 0.34196 0.4024 0.024686 0.025583 0.341856 0.403061
0 0.264602 0.490045 0.021083 0.023115 0.264915 0.490434
0 0.297762 0.421638 0.019896 0.023746 0.297822 0.423469
