0 0.28335 0.651646 0.025661 0.033223 0.283381 0.65051
0 0.663028 0.65505 0.023159 0.030585 0.663352 0.65338
0 0.441742 0.240873 0.025087 0.032356 0.442235 0.238839
0 0.505663 0.765235 0.02686 0.030542 0.505445 0.763393
0 0.6556 0.754842 0.02296 0.02985 0.655777 0.754464
0 0.282044 0.353332 0.02701 0.033749 0.281723 0.35236
0 0.601242 0.253285 0.029949 0.034724 0.600379 0.251913
0 0.280231 0.544992 0.024029 0.030352 0.280303 0.543367
0 0.578199 0.765345 0.023439 0.028978 0.578598 0.763712
0 0.516941 0.242912 0.0263 0.031537 0.516809 0.241709
0 0.37493 0.236609 0.023427 0.030349 0.374763 0.235651
0 0.366797 0.341467 0.024628 0.029945 0.367188 0.34088
0 0.443966 0.339851 0.021841 0.031081 0.444129 0.33801
0 0.603121 0.361259 0.025188 0.031305 0.603456 0.360013
0 0.513441 0.560962 0.030103 0.032748 0.513494 0.558673
0 0.671767 0.557299 0.020431 0.025003 0.672112 0.555166
0 0.588556 0.663065 0.024848 0.03212 0.589015 0.660395
0 0.434175 0.665384 0.022893 0.034227 0.434186 0.664222
0 0.598466 0.451635 0.027621 0.032504 0.599195 0.449936
0 0.518905 0.349687 0.02684 0.03257 0.518703 0.348533
0 0.363056 0.553703 0.028005 0.036351 0.363636 0.551977
0 0.435693 0.558325 0.025271 0.035263 0.435133 0.556441
0 0.439013 0.458776 0.023284 0.033287 0.439157 0.456952
0 0.677307 0.361112 0.021242 0.028691 0.677083 0.360013
0 0.432594 0.762821 0.023491 0.030515 0.433239 0.759885
0 0.291729 0.234279 0.022855 0.029461 0.291903 0.233099
0 0.67561 0.453497 0.024062 0.033196 0.674953 0.452487
0 0.519769 0.454443 0.023512 0.028717 0.518939 0.453125
0 0.360414 0.66263 0.023739 0.031168 0.359375 0.661033
0 0.361136 0.752816 0.024181 0.035227 0.361269 0.750319
0 0.357345 0.452856 0.026007 0.030185 0.357244 0.451849
0 0.210005 0.438961 0.024285 0.034487 0.209754 0.4375
0 0.678473 0.263553 0.022214 0.027079 0.677794 0.263074
0 0.294889 0.46569 0.026209 0.03393 0.295928 0.464286
0 0.509056 0.667238 0.025564 0.031486 0.508523 0.66486
0 0.519819 0.145597 0.02076 0.026945 0.52036 0.144452
0 0.284241 0.752626 0.020632 0.029664 0.284801 0.751594
0 0.596353 0.561468 0.026667 0.034411 0.594934 0.559949
0 0.449789 0.142163 0.021053 0.027026 0.4491 0.141263
