0 0.142331 0.315436 0.024632 0.025716 0.142045 0.313776
0 0.278159 0.183762 0.024387 0.025615 0.277936 0.182398
0 0.161642 0.184189 0.024634 0.030765 0.162405 0.182717
0 0.437591 0.633645 0.021475 0.024882 0.437973 0.631696
0 0.177766 0.437726 0.026019 0.030307 0.178267 0.434949
0 0.253869 0.515642 0.033136 0.030467 0.253314 0.513393
0 0.250245 0.628575 0.019634 0.022116 0.250237 0.626913
0 0.138631 0.502748 0.020215 0.026682 0.138968 0.500319
0 0.259818 0.294534 0.032521 0.031115 0.26018 0.294643
0 0.547521 0.62433 0.029261 0.029934 0.548532 0.62213
0 0.34372 0.722369 0.021884 0.022776 0.34375 0.720982
0 0.471517 0.302587 0.030762 0.029774 0.472538 0.299745
0 0.344761 0.628325 0.029952 0.028918 0.344934 0.626276
0 0.365376 0.29036 0.022329 0.027493 0.36482 0.289222
0 0.463207 0.188343 0.026382 0.027061 0.462595 0.186224
0 0.57576 0.411821 0.02363 0.025155 0.575521 0.411671
0 0.237139 0.415066 0.033268 0.031481 0.237453 0.413265
0 0.468474 0.413916 0.027587 0.028499 0.468277 0.413584
0 0.52283 0.720192 0.021815 0.02434 0.522491 0.719388
0 0.588747 0.32256 0.024943 0.026807 0.589015 0.320472
0 0.566285 0.517532 0.022244 0.025773 0.567472 0.516582
0 0.357449 0.415911 0.029869 0.032421 0.357244 0.419643
0 0.285301 0.100098 0.024781 0.024933 0.285985 0.098533
0 0.365584 0.186988 0.025391 0.028008 0.365057 0.186862
0 0.348875 0.522638 0.025468 0.025329 0.349195 0.519452
0 0.447908 0.522788 0.019797 0.024338 0.448153 0.522959
0 0.250136 0.70957 0.019021 0.019541 0.250473 0.708546
0 0.660453 0.514506 0.023892 0.026187 0.660511 0.512436
0 0.68702 0.226641 0.017553 0.022733 0.686553 0.226084
0 0.673343 0.413206 0.021075 0.023479 0.672585 0.41199
0 0.682102 0.32195 0.019977 0.021976 0.683002 0.320153
0 0.432754 0.726224 0.020162 0.020697 0.432765 0.72449
0 0.661319 0.145089 0.020655 0.021463 0.662405 0.144452
0 0.569209 0.104377 0.025461 0.024979 0.569602 0.103635
0 0.332111 0.131985 0.024781 0.024933 0.332623 0.132015
0 0.468776 0.090314 0.024781 0.024933 0.468987 0.088967
0 0.584301 0.210043 0.033967 0.031333 0.584754 0.208227
