0 0.189359 0.543744 0.025412 0.029319 0.189157 0.54273
0 0.276943 0.341279 0.025512 0.029398 0.276515 0.339923
0 0.270819 0.662071 0.023899 0.030327 0.27178 0.662309
0 0.353093 0.239382 0.025907 0.032118 0.35322 0.236926
0 0.211158 0.464285 0.032195 0.034806 0.210701 0.462691
0 0.285262 0.236523 0.021029 0.02924 0.285511 0.235013
0 0.343056 0.763717 0.026836 0.035906 0.34375 0.762436
0 0.352235 0.337867 0.023282 0.027943 0.352746 0.336416
0 0.269843 0.752243 0.024446 0.033366 0.269886 0.751276
0 0.26722 0.452085 0.031765 0.037552 0.266572 0.450574
0 0.193017 0.650113 0.026152 0.034719 0.192708 0.647959
0 0.346139 0.556212 0.024033 0.028858 0.345881 0.554528
0 0.343573 0.664852 0.032549 0.035722 0.34446 0.663903
0 0.349524 0.456597 0.033539 0.043403 0.350616 0.456952
0 0.271552 0.554682 0.021537 0.029864 0.27107 0.554847
0 0.192018 0.352932 0.019866 0.024535 0.191998 0.351722
