0 0.689299 0.210756 0.015386 0.021468 0.689157 0.209503
0 0.514774 0.172738 0.021518 0.025728 0.514915 0.172513
0 0.586758 0.610457 0.020418 0.02469 0.587121 0.611607
0 0.356436 0.692793 0.016075 0.021309 0.357718 0.692283
0 0.613796 0.307046 0.018868 0.022495 0.613873 0.304209
0 0.520215 0.288772 0.020867 0.025614 0.520833 0.286671
0 0.358718 0.280057 0.027892 0.034019 0.358665 0.278061
0 0.435215 0.40352 0.025616 0.034227 0.435843 0.400191
0 0.274295 0.700601 0.015137 0.020423 0.275095 0.700255
0 0.43853 0.170819 0.0209 0.030138 0.438684 0.169005
0 0.60817 0.191288 0.025399 0.031619 0.607955 0.189732
0 0.508001 0.509498 0.021739 0.028553 0.508286 0.507972
0 0.521964 0.399833 0.021873 0.026742 0.522964 0.39764
0 0.683683 0.396754 0.018336 0.021365 0.683712 0.397959
0 0.567508 0.706035 0.01943 0.024308 0.566761 0.705676
0 0.60004 0.502653 0.018186 0.022431 0.600379 0.501276
0 0.604366 0.396085 0.015892 0.02256 0.605824 0.395408
0 0.441147 0.272929 0.020764 0.027947 0.441525 0.271684
0 0.266408 0.301228 0.01962 0.027029 0.265625 0.300064
0 0.428772 0.706957 0.019024 0.022778 0.429214 0.705038
0 0.42895 0.507517 0.024206 0.028791 0.428504 0.505102
0 0.278574 0.164331 0.024215 0.031207 0.278409 0.163903
0 0.688275 0.30627 0.017053 0.021204 0.68892 0.304528
0 0.427214 0.614453 0.022766 0.029673 0.426373 0.615434
0 0.410702 0.118278 0.019132 0.02233 0.410985 0.117985
0 0.343197 0.401972 0.028721 0.033348 0.343277 0.402742
0 0.643456 0.681676 0.015766 0.01999 0.644176 0.682079
0 0.356228 0.614845 0.018603 0.023014 0.355587 0.611926
0 0.675132 0.496393 0.017684 0.022071 0.675426 0.497768
0 0.660623 0.588771 0.015511 0.021652 0.661932 0.586735
0 0.667494 0.130356 0.017084 0.020503 0.668087 0.131059
0 0.519117 0.071398 0.023065 0.026506 0.518703 0.072066
0 0.374915 0.085661 0.017913 0.020258 0.376894 0.085459
0 0.373572 0.170789 0.020063 0.026483 0.37358 0.170599
0 0.26487 0.49119 0.028721 0.033348 0.264915 0.489796
0 0.298619 0.42432 0.028721 0.034623 0.298532 0.424426
0 0.354782 0.502723 0.028721 0.033348 0.35535 0.503189
0 0.272383 0.600021 0.028282 0.032218 0.271544 0.599171
0 0.500927 0.617714 0.022766 0.029673 0.50142 0.618304
0 0.49689 0.712343 0.017218 0.021742 0.496686 0.711097
0 0.595949 0.088611 0.016845 0.025142 0.596354 0.088967
