0 0.301487 0.181089 0.027556 0.030286 0.300663 0.179528
0 0.273495 0.513026 0.035234 0.031682 0.271307 0.513712
0 0.155181 0.180415 0.025736 0.029501 0.15483 0.178571
0 0.269361 0.625211 0.024571 0.021398 0.26965 0.625957
0 0.281104 0.291785 0.037183 0.035588 0.281723 0.291135
0 0.611647 0.624155 0.021433 0.017736 0.612216 0.623087
0 0.373882 0.625827 0.026561 0.030619 0.374053 0.626913
0 0.376167 0.719505 0.03222 0.02879 0.375237 0.719069
0 0.137667 0.312345 0.026495 0.02902 0.137547 0.310587
0 0.385334 0.517499 0.031186 0.030856 0.385653 0.515625
0 0.524293 0.301305 0.030663 0.026747 0.525095 0.299107
0 0.180213 0.431959 0.030245 0.031218 0.179688 0.432398
0 0.642815 0.409024 0.024628 0.025802 0.643229 0.40912
0 0.254459 0.410978 0.033803 0.034199 0.254025 0.413265
0 0.484538 0.630058 0.029118 0.024676 0.484612 0.629783
0 0.634202 0.516352 0.026198 0.023269 0.634233 0.516582
0 0.396347 0.413916 0.037877 0.035757 0.394413 0.416454
0 0.477428 0.723733 0.023229 0.021493 0.477746 0.723214
0 0.660694 0.322544 0.030126 0.025581 0.660038 0.320791
0 0.640105 0.102826 0.022902 0.024271 0.640152 0.102679
0 0.522287 0.410594 0.026799 0.026628 0.522017 0.410395
0 0.519456 0.186934 0.03314 0.030969 0.519886 0.186543
0 0.133532 0.500724 0.019179 0.02418 0.133996 0.499362
0 0.653968 0.204991 0.033447 0.029546 0.655066 0.203444
0 0.405774 0.286388 0.025166 0.028067 0.40625 0.286033
0 0.497634 0.522601 0.02668 0.027224 0.496922 0.521046
0 0.307127 0.096713 0.027319 0.024925 0.308949 0.096301
0 0.367247 0.126052 0.028004 0.024609 0.368371 0.126594
0 0.40335 0.184645 0.028004 0.024609 0.403646 0.183673
0 0.526752 0.086655 0.018939 0.021923 0.527225 0.086416
