0 0.299431 0.518144 0.027717 0.027912 0.298295 0.51977
0 0.495431 0.415976 0.02447 0.025599 0.494792 0.41486
0 0.323478 0.188034 0.019263 0.023731 0.32339 0.187819
0 0.327626 0.103627 0.02118 0.021149 0.327415 0.103635
0 0.467522 0.634739 0.020346 0.021488 0.467566 0.632653
0 0.232642 0.438458 0.025767 0.032911 0.232244 0.439094
0 0.199016 0.316352 0.020772 0.023926 0.1991 0.315051
0 0.394978 0.420484 0.024354 0.026498 0.395123 0.422194
0 0.498057 0.305661 0.027801 0.02645 0.497396 0.305166
0 0.40213 0.191656 0.022441 0.029041 0.401989 0.189732
0 0.387516 0.525311 0.023067 0.025648 0.387547 0.52264
0 0.490447 0.191881 0.025203 0.025426 0.491477 0.192602
0 0.305704 0.297104 0.028358 0.030861 0.305871 0.295599
0 0.605407 0.32507 0.020381 0.023002 0.606061 0.323661
0 0.289534 0.416633 0.02759 0.029505 0.284801 0.418048
0 0.215376 0.183355 0.02268 0.024754 0.215199 0.182079
0 0.478094 0.526774 0.022234 0.025764 0.477983 0.526786
0 0.372154 0.133922 0.021727 0.025994 0.372396 0.133929
0 0.586073 0.520412 0.019236 0.022869 0.586174 0.520089
0 0.383112 0.629711 0.025516 0.027324 0.381629 0.632015
0 0.592159 0.414361 0.02377 0.025812 0.59304 0.412946
0 0.587077 0.108546 0.017462 0.021624 0.586884 0.108418
0 0.497591 0.090851 0.021704 0.023167 0.497633 0.088648
0 0.56788 0.627036 0.017408 0.021354 0.568655 0.626276
0 0.402982 0.290409 0.022914 0.027765 0.403172 0.290497
0 0.599179 0.208892 0.016251 0.018916 0.599195 0.209184
0 0.298369 0.632153 0.013424 0.015122 0.297822 0.632015
