0 0.11951 0.323691 0.019616 0.025826 0.120265 0.322704
0 0.464147 0.329605 0.021667 0.02759 0.464252 0.328125
0 0.367888 0.311144 0.019206 0.026998 0.367898 0.309949
0 0.452809 0.527588 0.018978 0.024209 0.453362 0.52551
0 0.498205 0.46726 0.021661 0.028585 0.497633 0.465242
0 0.220383 0.195564 0.019703 0.024959 0.219934 0.193559
0 0.457144 0.418634 0.018573 0.023798 0.45786 0.417411
0 0.287834 0.19534 0.024269 0.030291 0.287642 0.193878
0 0.1341 0.191526 0.019852 0.027676 0.133523 0.189732
0 0.37285 0.419902 0.023999 0.024166 0.372396 0.418686
0 0.455822 0.210983 0.028456 0.03531 0.455966 0.209503
0 0.36352 0.195948 0.021021 0.028147 0.363636 0.196429
0 0.14335 0.444402 0.021066 0.029996 0.143229 0.444515
0 0.539346 0.228898 0.021275 0.025733 0.538826 0.227997
0 0.439074 0.635913 0.022365 0.024078 0.439157 0.63361
0 0.278944 0.734968 0.017661 0.023683 0.280777 0.732781
0 0.422885 0.732804 0.018353 0.023686 0.423059 0.731505
0 0.193251 0.421632 0.02534 0.03163 0.191761 0.424107
0 0.352304 0.645757 0.02274 0.024833 0.352983 0.642857
0 0.287498 0.296982 0.024274 0.027277 0.288352 0.295918
0 0.526011 0.522213 0.018111 0.019398 0.526278 0.520727
0 0.514304 0.619615 0.018469 0.02366 0.514915 0.617666
0 0.361431 0.535392 0.022686 0.029418 0.360795 0.533163
0 0.205694 0.301589 0.022711 0.030386 0.208333 0.302934
0 0.285635 0.423388 0.026913 0.026626 0.285985 0.421875
0 0.539476 0.327373 0.018235 0.024596 0.540246 0.327168
0 0.117821 0.512038 0.017176 0.029039 0.118371 0.510523
0 0.370526 0.091462 0.026516 0.033976 0.370739 0.089286
0 0.200621 0.525988 0.020408 0.024002 0.201705 0.525191
0 0.521394 0.143938 0.024196 0.024976 0.521544 0.144452
0 0.349183 0.737523 0.01762 0.019373 0.350142 0.734056
0 0.26629 0.134053 0.019892 0.025205 0.266098 0.13074
0 0.225756 0.107969 0.017957 0.021884 0.224669 0.106824
0 0.274917 0.638994 0.020151 0.025159 0.275095 0.640625
0 0.499652 0.713024 0.019358 0.02601 0.499527 0.711735
0 0.446351 0.10778 0.021125 0.024285 0.446023 0.107143
0 0.2782 0.528871 0.02364 0.028105 0.276042 0.531569
0 0.204691 0.636504 0.017847 0.020604 0.203125 0.63648
