0 0.189849 0.543597 0.025207 0.030442 0.189867 0.542411
0 0.271461 0.662441 0.024494 0.030808 0.27107 0.660395
0 0.427501 0.243122 0.024395 0.027978 0.428977 0.242666
0 0.424552 0.560153 0.024328 0.034172 0.424242 0.561543
0 0.566212 0.751527 0.024201 0.032248 0.566525 0.749362
0 0.575944 0.654797 0.019899 0.02715 0.575994 0.652105
0 0.512705 0.25244 0.027351 0.035571 0.511837 0.251913
0 0.515994 0.361838 0.023697 0.030339 0.515388 0.362883
0 0.353573 0.241094 0.024968 0.030992 0.353693 0.240115
0 0.510287 0.453948 0.022318 0.029302 0.509943 0.451849
0 0.416674 0.763871 0.02425 0.027656 0.41714 0.761798
0 0.431487 0.347794 0.027251 0.031774 0.431581 0.346301
0 0.500072 0.663264 0.027856 0.031155 0.501184 0.663903
0 0.285526 0.237503 0.022221 0.029041 0.285748 0.236607
0 0.277746 0.341826 0.026636 0.029676 0.277699 0.34088
0 0.210911 0.464835 0.03269 0.036269 0.211174 0.463329
0 0.508067 0.558407 0.024695 0.02677 0.508996 0.558992
0 0.591628 0.26248 0.023736 0.029554 0.591383 0.260204
0 0.267462 0.451264 0.029133 0.033758 0.267282 0.449617
0 0.583527 0.556238 0.020458 0.025969 0.583097 0.55389
0 0.272092 0.750295 0.024793 0.03278 0.272727 0.749362
0 0.342854 0.764072 0.0264 0.0351 0.34304 0.762436
0 0.488842 0.761828 0.028441 0.034645 0.488636 0.760523
0 0.194006 0.352919 0.020805 0.026431 0.193892 0.351403
0 0.194061 0.650752 0.025806 0.035541 0.194602 0.650191
0 0.345656 0.556366 0.021496 0.030493 0.345881 0.555485
0 0.590534 0.358514 0.020346 0.027327 0.590909 0.356824
0 0.271187 0.554752 0.021336 0.031197 0.27178 0.552615
0 0.354953 0.339188 0.024443 0.031968 0.35393 0.34088
0 0.348897 0.455928 0.027154 0.035842 0.348958 0.455038
0 0.345578 0.662391 0.030616 0.037914 0.344697 0.663903
0 0.433237 0.454287 0.024268 0.031653 0.433712 0.453125
0 0.588184 0.45686 0.019027 0.02746 0.587358 0.454719
0 0.419332 0.66883 0.030616 0.037914 0.419981 0.669324
