0 0.42767 0.242024 0.024473 0.028957 0.42732 0.241071
0 0.271033 0.66204 0.024516 0.030729 0.270833 0.659439
0 0.342585 0.762898 0.025856 0.034733 0.342803 0.760842
0 0.353501 0.240111 0.025909 0.033158 0.353693 0.23852
0 0.575636 0.653957 0.019921 0.027224 0.575758 0.651786
0 0.56618 0.751506 0.023808 0.033171 0.565578 0.75287
0 0.191036 0.543719 0.023028 0.032625 0.191051 0.54273
0 0.424963 0.560575 0.024048 0.03432 0.423532 0.561224
0 0.512893 0.251655 0.027351 0.036469 0.511837 0.251276
0 0.430882 0.347077 0.02749 0.031494 0.431108 0.345663
0 0.268671 0.451322 0.03215 0.035844 0.268939 0.450255
0 0.510854 0.455001 0.024528 0.029599 0.511127 0.453125
0 0.591977 0.262741 0.024254 0.030798 0.591619 0.26148
0 0.500675 0.662933 0.028793 0.030339 0.501657 0.663584
0 0.416834 0.763108 0.026761 0.030357 0.417377 0.761798
0 0.277487 0.340803 0.025604 0.031168 0.277462 0.340242
0 0.508644 0.558648 0.023096 0.027362 0.508759 0.557398
0 0.285428 0.236407 0.021578 0.030633 0.285511 0.235332
0 0.515459 0.361329 0.024901 0.031413 0.516335 0.360013
0 0.272499 0.749784 0.02586 0.033168 0.272254 0.748406
0 0.489157 0.761183 0.024128 0.030872 0.48911 0.763393
0 0.345229 0.55647 0.022937 0.029278 0.344934 0.555166
0 0.194271 0.650119 0.025371 0.034937 0.194366 0.649554
0 0.353378 0.338168 0.022544 0.029431 0.35393 0.336735
0 0.271281 0.555568 0.021975 0.030587 0.271307 0.553253
0 0.344266 0.663035 0.027341 0.033798 0.344697 0.664222
0 0.433547 0.455073 0.024915 0.030983 0.433239 0.453763
0 0.215744 0.465938 0.023802 0.031107 0.214962 0.463648
0 0.582568 0.556252 0.019961 0.024506 0.581439 0.554209
0 0.346436 0.455407 0.033139 0.042241 0.349669 0.456952
0 0.419384 0.667577 0.029009 0.034608 0.419744 0.668367
0 0.586182 0.455378 0.024901 0.031413 0.587121 0.456314
