0 0.57597 0.654707 0.021686 0.028152 0.576468 0.654974
0 0.565854 0.751638 0.02572 0.033955 0.566051 0.75287
0 0.51232 0.252631 0.028849 0.034952 0.511837 0.252232
0 0.591129 0.263197 0.024071 0.028687 0.590909 0.260842
0 0.510716 0.452567 0.024457 0.032737 0.510653 0.450893
0 0.583201 0.556272 0.021325 0.025947 0.582623 0.554209
0 0.515754 0.361782 0.024589 0.031859 0.516335 0.360651
0 0.505918 0.154379 0.024653 0.031006 0.506155 0.152742
0 0.507522 0.558257 0.025879 0.028391 0.508996 0.558673
0 0.500924 0.662711 0.027477 0.029378 0.502367 0.663903
0 0.489226 0.762314 0.026125 0.034406 0.489347 0.763393
0 0.5783 0.177631 0.021535 0.025804 0.577888 0.176977
0 0.590522 0.358318 0.020893 0.027379 0.590909 0.356505
0 0.587784 0.455452 0.019949 0.028536 0.587595 0.453444
