0 0.51261 0.252961 0.028687 0.035396 0.512311 0.252232
0 0.591541 0.262249 0.023339 0.028992 0.591146 0.259885
0 0.566102 0.751601 0.024864 0.032898 0.566051 0.752551
0 0.576146 0.654934 0.02144 0.027081 0.576231 0.655293
0 0.510851 0.453496 0.023364 0.032234 0.51089 0.451849
0 0.515899 0.361297 0.023981 0.031681 0.516335 0.360651
0 0.507857 0.558351 0.025903 0.027526 0.50947 0.55963
0 0.583172 0.556472 0.0198 0.024791 0.58428 0.556122
0 0.500879 0.662641 0.028909 0.030309 0.501184 0.661033
0 0.590434 0.35834 0.020456 0.026878 0.590436 0.356505
0 0.587934 0.455126 0.020997 0.029254 0.587595 0.453125
0 0.489509 0.763059 0.027112 0.033868 0.488873 0.763712
0 0.577995 0.177278 0.020432 0.024916 0.576941 0.176339
0 0.510101 0.154342 0.01761 0.027943 0.508759 0.152423
