0 0.70614 0.214689 0.026668 0.026815 0.706439 0.213648
0 0.711473 0.329694 0.027255 0.026439 0.711411 0.329082
0 0.305097 0.188948 0.032409 0.026794 0.304924 0.190051
0 0.682441 0.523699 0.025852 0.022877 0.682765 0.52264
0 0.387767 0.632145 0.035511 0.031297 0.388258 0.631059
0 0.553267 0.195199 0.033144 0.02961 0.552794 0.194196
0 0.554778 0.418754 0.034194 0.031495 0.555161 0.418048
0 0.170547 0.432752 0.036788 0.04256 0.172348 0.43176
0 0.692155 0.417376 0.027841 0.026871 0.692708 0.416773
0 0.556528 0.30969 0.034643 0.029122 0.557292 0.308036
0 0.694112 0.112376 0.019759 0.021225 0.693892 0.111926
0 0.279644 0.299014 0.042092 0.036416 0.278646 0.297194
0 0.385602 0.727505 0.026935 0.023136 0.38518 0.727679
0 0.314293 0.102833 0.03022 0.027036 0.31321 0.104273
0 0.268384 0.519131 0.033803 0.030394 0.266809 0.51977
0 0.255936 0.416763 0.040614 0.031584 0.253788 0.41486
0 0.659799 0.630037 0.023059 0.02147 0.659801 0.628189
0 0.422461 0.190392 0.032986 0.031023 0.421165 0.191964
0 0.265827 0.632316 0.026999 0.02276 0.265152 0.63074
0 0.525966 0.529182 0.027978 0.027602 0.525095 0.529018
0 0.397193 0.526332 0.028978 0.02749 0.395597 0.525829
0 0.50258 0.730924 0.024952 0.020303 0.502367 0.729911
0 0.410251 0.423401 0.036193 0.035146 0.410275 0.423151
0 0.121297 0.319694 0.032237 0.024372 0.120975 0.317921
0 0.511207 0.637389 0.030726 0.022389 0.511127 0.637117
0 0.380285 0.13472 0.03022 0.027036 0.380682 0.134247
0 0.562707 0.094462 0.025154 0.024644 0.563447 0.094388
0 0.425092 0.293536 0.032986 0.031023 0.424006 0.293367
