0 0.119307 0.32375 0.019855 0.025704 0.119792 0.323023
0 0.463917 0.329688 0.02205 0.028268 0.464015 0.328763
0 0.367494 0.310928 0.018873 0.028142 0.368845 0.309949
0 0.221229 0.195649 0.019325 0.024411 0.220407 0.193559
0 0.452326 0.527651 0.018152 0.023288 0.452652 0.52551
0 0.134455 0.191101 0.020701 0.027846 0.133759 0.189094
0 0.457453 0.419199 0.017768 0.023017 0.458097 0.418048
0 0.363163 0.195767 0.020753 0.027983 0.364347 0.197066
0 0.372406 0.420319 0.023138 0.02467 0.371922 0.419005
0 0.539085 0.229454 0.021662 0.027038 0.539062 0.227997
0 0.455801 0.211143 0.028588 0.035435 0.456203 0.209821
0 0.52543 0.522494 0.018711 0.020356 0.525568 0.521046
0 0.14147 0.441236 0.015308 0.030161 0.143703 0.438776
0 0.278333 0.735228 0.017319 0.023226 0.278646 0.735651
0 0.19308 0.420145 0.025259 0.031814 0.192235 0.423788
0 0.288286 0.195284 0.022837 0.027668 0.287879 0.19324
0 0.422471 0.732361 0.01762 0.022249 0.421875 0.733099
0 0.285102 0.423845 0.024321 0.025431 0.285748 0.422513
0 0.497888 0.712544 0.015297 0.021586 0.497869 0.712054
0 0.205696 0.302148 0.024128 0.031771 0.204545 0.300064
0 0.265774 0.134532 0.019604 0.025222 0.265388 0.131696
0 0.287192 0.296355 0.023825 0.027903 0.288116 0.295918
0 0.118298 0.511586 0.017157 0.02814 0.119081 0.509885
0 0.225358 0.108026 0.018219 0.021194 0.224195 0.107462
0 0.352627 0.645942 0.022736 0.023445 0.353456 0.643176
0 0.520668 0.143981 0.022949 0.02382 0.521307 0.140625
0 0.360899 0.534843 0.020872 0.027729 0.361742 0.533801
0 0.439491 0.635197 0.02305 0.025343 0.441761 0.638712
0 0.200657 0.525753 0.020054 0.023917 0.201468 0.523278
0 0.349728 0.737593 0.017002 0.020935 0.349432 0.739158
0 0.275979 0.639268 0.020593 0.025018 0.275331 0.639987
0 0.367799 0.094236 0.02103 0.025176 0.368134 0.095026
0 0.445924 0.108904 0.02103 0.025176 0.446733 0.108099
0 0.538102 0.328862 0.021787 0.028279 0.538589 0.328444
0 0.202628 0.636848 0.017323 0.018925 0.202888 0.637117
0 0.122142 0.624658 0.010992 0.013438 0.121686 0.624681
0 0.20398 0.721924 0.013764 0.017056 0.204072 0.72162
