0 0.279021 0.183724 0.025161 0.026718 0.278883 0.18176
0 0.14295 0.31594 0.024788 0.026393 0.142282 0.314413
0 0.160691 0.182422 0.024172 0.029277 0.160985 0.181122
0 0.439143 0.633691 0.021654 0.025628 0.439157 0.633291
0 0.17807 0.437163 0.027094 0.032016 0.179214 0.434311
0 0.344994 0.628546 0.02665 0.033136 0.343987 0.629145
0 0.253913 0.515964 0.030461 0.028406 0.251894 0.516582
0 0.472621 0.301786 0.032927 0.031352 0.473722 0.298151
0 0.46896 0.412607 0.030293 0.031447 0.469697 0.412946
0 0.589442 0.323137 0.025397 0.026177 0.589725 0.321429
0 0.140072 0.50339 0.020732 0.02716 0.140152 0.500319
0 0.350615 0.523264 0.02933 0.027063 0.350142 0.51977
0 0.260307 0.293933 0.030858 0.030175 0.260417 0.293686
0 0.366569 0.186853 0.027934 0.031514 0.366241 0.184311
0 0.251646 0.628994 0.021417 0.022408 0.251894 0.629145
0 0.359252 0.418387 0.032341 0.035982 0.358665 0.418367
0 0.548187 0.624647 0.027173 0.029642 0.549006 0.625
0 0.345407 0.72266 0.023468 0.024271 0.34375 0.722895
0 0.463864 0.187908 0.024384 0.026203 0.464252 0.188138
0 0.567628 0.517613 0.021662 0.025033 0.568892 0.516582
0 0.239254 0.413698 0.0303 0.029975 0.238873 0.411671
0 0.378867 0.089863 0.023735 0.028281 0.379025 0.087054
0 0.577392 0.410802 0.025389 0.026138 0.578598 0.409758
0 0.286552 0.10057 0.026287 0.026816 0.287169 0.097895
0 0.365449 0.289036 0.022983 0.026004 0.36553 0.287946
0 0.662125 0.144318 0.020034 0.021925 0.662405 0.145408
0 0.524493 0.720507 0.022055 0.023932 0.523911 0.719707
0 0.661562 0.514945 0.023026 0.026795 0.662642 0.513712
0 0.43354 0.726734 0.020026 0.019694 0.433475 0.725128
0 0.584734 0.205865 0.030879 0.032663 0.58286 0.205995
0 0.250849 0.70993 0.019543 0.019844 0.250947 0.709184
0 0.688288 0.22663 0.017094 0.02259 0.6875 0.226084
0 0.674757 0.412887 0.021047 0.022817 0.674006 0.411352
0 0.449383 0.522079 0.019884 0.024047 0.450284 0.520089
0 0.68336 0.322808 0.020067 0.022377 0.683949 0.320791
0 0.469922 0.090353 0.023735 0.028281 0.470644 0.088648
0 0.569353 0.105071 0.023735 0.028281 0.570786 0.104273
