0 0.223698 0.523456 0.026924 0.029445 0.223011 0.523597
0 0.212164 0.42188 0.033371 0.033003 0.210701 0.423469
0 0.246898 0.191873 0.024209 0.028645 0.246449 0.193559
0 0.532058 0.213343 0.030593 0.034054 0.532434 0.211097
0 0.424544 0.311137 0.026246 0.026495 0.426847 0.310587
0 0.310168 0.637225 0.0253 0.029742 0.308949 0.639668
0 0.320777 0.424779 0.021767 0.026641 0.321733 0.424107
0 0.518209 0.526146 0.023447 0.027193 0.51965 0.528061
0 0.228726 0.302218 0.028136 0.031477 0.228456 0.300702
0 0.425125 0.420717 0.025161 0.025808 0.425663 0.419005
0 0.501232 0.634925 0.026988 0.029988 0.50142 0.632334
0 0.526153 0.420867 0.024156 0.02673 0.526042 0.419962
0 0.420723 0.196806 0.028027 0.030241 0.419981 0.194834
0 0.151785 0.440638 0.025136 0.033513 0.151989 0.444196
0 0.400035 0.642408 0.024068 0.024857 0.398674 0.644133
0 0.538911 0.330779 0.023494 0.026281 0.538589 0.329401
0 0.629995 0.231395 0.01942 0.022888 0.630682 0.230548
0 0.62499 0.329606 0.0188 0.023469 0.624763 0.328444
0 0.315111 0.530612 0.026357 0.027024 0.31321 0.530293
0 0.300119 0.135077 0.022776 0.026583 0.300426 0.13361
0 0.605581 0.523343 0.022067 0.023037 0.607008 0.524235
0 0.252444 0.106403 0.021934 0.02164 0.25142 0.105867
0 0.618121 0.421222 0.021229 0.023143 0.618608 0.418367
0 0.607001 0.147935 0.020813 0.021497 0.607718 0.145727
0 0.121257 0.323041 0.019672 0.026529 0.121686 0.321747
0 0.410435 0.532608 0.02635 0.026879 0.410038 0.532526
0 0.329146 0.195456 0.026128 0.026894 0.328598 0.193878
0 0.137165 0.192087 0.020973 0.026967 0.135653 0.19037
0 0.223873 0.637321 0.019543 0.022037 0.222538 0.638074
0 0.588803 0.617306 0.018682 0.024638 0.589252 0.616071
0 0.329399 0.297397 0.024141 0.025412 0.329072 0.296237
0 0.477728 0.732814 0.018023 0.020325 0.477746 0.733099
0 0.520487 0.109317 0.023714 0.025468 0.520597 0.110651
0 0.426002 0.096979 0.02008 0.025043 0.425663 0.096939
