0 0.215811 0.182025 0.027903 0.032396 0.215672 0.180166
0 0.56924 0.626719 0.026944 0.030678 0.569602 0.625
0 0.468305 0.634944 0.022143 0.022976 0.468277 0.632015
0 0.197756 0.316163 0.023788 0.024217 0.197206 0.31537
0 0.4969 0.306884 0.027976 0.029245 0.496922 0.304528
0 0.383235 0.72336 0.022223 0.024683 0.383523 0.720982
0 0.322684 0.187388 0.019863 0.027897 0.32268 0.185587
0 0.58616 0.52097 0.021845 0.026665 0.586411 0.520408
0 0.305172 0.29783 0.029973 0.032847 0.305871 0.296237
0 0.382904 0.629484 0.029003 0.029022 0.382576 0.626594
0 0.29865 0.520428 0.031844 0.036074 0.298295 0.519133
0 0.203561 0.617023 0.022229 0.025837 0.203598 0.61639
0 0.297485 0.711581 0.021262 0.023899 0.298295 0.710459
0 0.195868 0.504365 0.024253 0.029272 0.196259 0.500957
0 0.327556 0.103143 0.023182 0.025115 0.327888 0.101722
0 0.39318 0.421759 0.024921 0.029653 0.394176 0.422194
0 0.402256 0.190697 0.0233 0.029583 0.402225 0.189094
0 0.387363 0.52556 0.025922 0.029874 0.387547 0.523916
0 0.494665 0.416885 0.028461 0.031897 0.494792 0.415497
0 0.690344 0.324856 0.019427 0.022296 0.690578 0.323342
0 0.463931 0.728917 0.020461 0.022598 0.463778 0.726722
0 0.674139 0.516746 0.022243 0.026572 0.673769 0.515306
0 0.287466 0.416174 0.025478 0.032199 0.287879 0.415497
0 0.671702 0.146845 0.017788 0.022132 0.671875 0.145727
0 0.600895 0.210124 0.029776 0.033192 0.600142 0.208865
0 0.402419 0.291792 0.022949 0.027003 0.402699 0.289222
0 0.49124 0.191084 0.024965 0.027972 0.491477 0.192283
0 0.298583 0.632628 0.020902 0.024583 0.298059 0.63074
0 0.694978 0.228085 0.019114 0.021606 0.695076 0.226722
0 0.591881 0.41432 0.023105 0.025395 0.592566 0.412628
0 0.605432 0.326693 0.023282 0.026517 0.605824 0.325893
0 0.684278 0.415133 0.021696 0.023589 0.683475 0.412946
0 0.23244 0.439751 0.026888 0.034385 0.23035 0.441008
0 0.477507 0.526443 0.024278 0.029251 0.478693 0.523278
0 0.546882 0.723253 0.021499 0.023263 0.547112 0.720982
0 0.37225 0.132874 0.023625 0.027953 0.372159 0.133291
0 0.496792 0.092463 0.021904 0.024139 0.495975 0.090561
0 0.587064 0.107065 0.016594 0.021755 0.586648 0.106505
