0 0.302557 0.18255 0.027668 0.029014 0.30161 0.180485
0 0.275201 0.512826 0.034879 0.032198 0.274384 0.511161
0 0.643954 0.408745 0.025387 0.024242 0.644413 0.407207
0 0.376894 0.626941 0.031291 0.028283 0.374527 0.626913
0 0.376489 0.72014 0.028045 0.026258 0.376894 0.71875
0 0.522637 0.186953 0.037969 0.03105 0.522017 0.185587
0 0.280961 0.291062 0.036856 0.033761 0.28125 0.28986
0 0.526995 0.300978 0.032594 0.02832 0.526752 0.298469
0 0.66287 0.3222 0.029208 0.026113 0.662642 0.320472
0 0.185593 0.426847 0.03408 0.039711 0.18821 0.423788
0 0.161789 0.178133 0.028589 0.027597 0.161695 0.176339
0 0.613363 0.621432 0.02528 0.025831 0.612926 0.620217
0 0.14308 0.31282 0.030257 0.028015 0.142045 0.311862
0 0.269943 0.625416 0.026535 0.023345 0.269886 0.623724
0 0.398076 0.41483 0.033863 0.034531 0.396307 0.41486
0 0.654095 0.204487 0.030865 0.027012 0.65483 0.202806
0 0.631757 0.516333 0.032766 0.028108 0.632576 0.515944
0 0.386347 0.517587 0.031939 0.028555 0.384943 0.518814
0 0.259067 0.410578 0.035314 0.030988 0.26018 0.408801
0 0.641517 0.102247 0.022584 0.023061 0.641809 0.10236
0 0.496964 0.520876 0.021837 0.026653 0.497869 0.519133
0 0.408213 0.285935 0.028852 0.02859 0.409328 0.284758
0 0.478312 0.72309 0.023469 0.02174 0.478456 0.721939
0 0.139641 0.500156 0.022587 0.025245 0.139678 0.497768
0 0.522212 0.410466 0.029061 0.02922 0.524148 0.411352
0 0.309881 0.096152 0.031509 0.027204 0.308949 0.097577
0 0.405274 0.182782 0.032322 0.031581 0.40554 0.179847
0 0.486023 0.630607 0.02773 0.02506 0.485085 0.629464
0 0.371873 0.126067 0.031509 0.027204 0.371686 0.125957
0 0.528033 0.085459 0.02465 0.025642 0.528409 0.085778
