0 0.474591 0.305601 0.029815 0.036885 0.475142 0.303571
0 0.46126 0.524441 0.029471 0.032507 0.459754 0.525191
0 0.545698 0.727745 0.025036 0.026258 0.546638 0.727997
0 0.453515 0.423075 0.027895 0.033905 0.451468 0.424107
0 0.637645 0.639013 0.024558 0.026699 0.638258 0.639031
0 0.66199 0.421619 0.024437 0.026412 0.661932 0.419643
0 0.379328 0.186604 0.035584 0.036886 0.380208 0.184949
0 0.55874 0.427466 0.024729 0.028466 0.559186 0.42602
0 0.363762 0.62073 0.027812 0.028333 0.36411 0.618304
0 0.550471 0.529412 0.02634 0.031529 0.550663 0.527423
0 0.665741 0.313553 0.026803 0.026794 0.665246 0.312181
0 0.489876 0.194395 0.023055 0.028878 0.490294 0.194515
0 0.363087 0.321741 0.031952 0.032584 0.362926 0.320153
0 0.396341 0.444249 0.02804 0.031091 0.39607 0.443559
0 0.543978 0.634239 0.029 0.029768 0.544034 0.634885
0 0.363178 0.720206 0.020526 0.023478 0.362926 0.719707
0 0.358517 0.51051 0.030319 0.03334 0.357718 0.512436
0 0.644388 0.530927 0.022915 0.026326 0.644413 0.529656
0 0.763119 0.420085 0.019209 0.021519 0.763021 0.419005
0 0.57295 0.196473 0.026677 0.030941 0.57268 0.197385
0 0.571159 0.299287 0.022708 0.028348 0.571496 0.297513
0 0.457855 0.715962 0.027359 0.027194 0.456439 0.71588
0 0.456601 0.633327 0.023889 0.023571 0.45715 0.632972
0 0.663286 0.200672 0.024524 0.030657 0.662879 0.199936
0 0.671609 0.100205 0.02382 0.029733 0.670455 0.100446
0 0.496358 0.10865 0.022991 0.02799 0.495975 0.107462
0 0.637513 0.733486 0.019426 0.020391 0.637074 0.732462
0 0.761456 0.118194 0.015409 0.02139 0.762311 0.118304
0 0.771509 0.217758 0.019275 0.025516 0.771544 0.216518
0 0.543251 0.138085 0.022991 0.02799 0.543561 0.137755
