0 0.627877 0.406013 0.017066 0.024685 0.627604 0.40625
0 0.460357 0.408292 0.019368 0.024563 0.460464 0.406569
0 0.542812 0.513773 0.017493 0.022374 0.543561 0.512117
0 0.525491 0.619202 0.019141 0.024635 0.526042 0.619898
0 0.434966 0.629826 0.017441 0.02335 0.434896 0.628189
0 0.213007 0.172268 0.02499 0.029118 0.213068 0.170599
0 0.451773 0.180454 0.019527 0.0255 0.451941 0.178571
0 0.577985 0.684289 0.018817 0.022943 0.577888 0.683036
0 0.600402 0.595137 0.016744 0.022043 0.600616 0.59375
0 0.194628 0.313183 0.020698 0.020916 0.193419 0.311543
0 0.501465 0.713304 0.020415 0.023486 0.50142 0.711735
0 0.550699 0.201317 0.02302 0.028917 0.549953 0.19898
0 0.55917 0.320478 0.018938 0.022609 0.558949 0.320153
0 0.431449 0.719734 0.02003 0.02146 0.431581 0.717474
0 0.617654 0.505623 0.016275 0.022403 0.619081 0.503827
0 0.362894 0.715649 0.020085 0.020932 0.362453 0.714286
0 0.359279 0.626548 0.018932 0.02391 0.360322 0.625
0 0.633014 0.317305 0.017757 0.022035 0.633996 0.316645
0 0.636766 0.223646 0.017388 0.021581 0.637074 0.222577
0 0.459491 0.295931 0.019881 0.026099 0.45928 0.295599
0 0.289728 0.698973 0.020801 0.02116 0.289062 0.697704
0 0.290062 0.288636 0.022392 0.028976 0.29072 0.288265
0 0.548631 0.405077 0.017495 0.022531 0.549006 0.403699
0 0.203395 0.609543 0.016878 0.020604 0.204782 0.608099
0 0.314672 0.098472 0.018021 0.023082 0.314867 0.098852
0 0.444505 0.52139 0.018574 0.027248 0.444839 0.519133
0 0.308822 0.178583 0.018256 0.022445 0.308002 0.177615
0 0.363249 0.517944 0.022282 0.026958 0.3634 0.516582
0 0.370169 0.414331 0.020224 0.025293 0.370975 0.412309
0 0.233099 0.442075 0.026384 0.029727 0.232008 0.441327
0 0.609627 0.146582 0.020082 0.021465 0.608902 0.143814
0 0.456694 0.081996 0.019097 0.027013 0.45715 0.081314
0 0.287267 0.625412 0.017592 0.022309 0.287642 0.624362
0 0.28626 0.513468 0.021992 0.022322 0.285985 0.51148
0 0.195297 0.495701 0.0235 0.025114 0.194839 0.495217
0 0.376191 0.279453 0.020293 0.029377 0.375947 0.27838
0 0.271624 0.413733 0.02341 0.031341 0.27178 0.41199
0 0.374081 0.178463 0.019904 0.026391 0.374763 0.178571
0 0.205906 0.707497 0.01853 0.023181 0.20715 0.706314
0 0.341223 0.134234 0.018021 0.023082 0.341856 0.134247
0 0.535362 0.100597 0.019097 0.027013 0.535748 0.100446
