0 0.57519 0.654104 0.020401 0.028084 0.574574 0.652423
0 0.511199 0.45176 0.025826 0.036291 0.51089 0.450255
0 0.500566 0.662955 0.026513 0.029415 0.5 0.661352
0 0.515201 0.362116 0.025633 0.032118 0.515862 0.360013
0 0.57876 0.177314 0.02535 0.03086 0.578835 0.175064
0 0.505181 0.15366 0.026284 0.03144 0.504735 0.151786
0 0.508494 0.559626 0.028955 0.034138 0.510417 0.558036
0 0.513041 0.252738 0.029593 0.03399 0.512784 0.251913
0 0.490207 0.762061 0.027904 0.037292 0.490057 0.759885
0 0.566602 0.75135 0.028181 0.035398 0.566998 0.751913
0 0.584501 0.556934 0.023909 0.030715 0.585464 0.555166
0 0.586662 0.455511 0.021181 0.030991 0.587595 0.455038
0 0.590951 0.3599 0.021428 0.027692 0.591146 0.358099
0 0.592073 0.263403 0.025781 0.028479 0.591619 0.261161
