0 0.486602 0.396389 0.027559 0.03255 0.486979 0.395408
0 0.395354 0.273689 0.032046 0.035249 0.395597 0.270727
0 0.588004 0.282176 0.025551 0.025594 0.587121 0.279974
0 0.559642 0.607973 0.022219 0.026557 0.560369 0.605867
0 0.587547 0.390468 0.025901 0.029979 0.588068 0.388393
0 0.389277 0.49457 0.026795 0.030973 0.388494 0.492028
0 0.412709 0.163286 0.022742 0.028072 0.412405 0.164541
0 0.690846 0.185439 0.02699 0.028531 0.691051 0.184311
0 0.297753 0.157592 0.02928 0.035723 0.297585 0.156569
0 0.47057 0.604264 0.027448 0.031181 0.470644 0.602679
0 0.317947 0.416605 0.030603 0.031286 0.317708 0.413265
0 0.386839 0.68551 0.02417 0.026001 0.386364 0.683673
0 0.281367 0.293594 0.028966 0.028657 0.281723 0.292092
0 0.50411 0.068024 0.021764 0.027003 0.504972 0.066327
0 0.378385 0.393535 0.031061 0.035447 0.379261 0.391263
0 0.472998 0.697041 0.026308 0.024763 0.472538 0.69611
0 0.582884 0.16801 0.025952 0.03203 0.583333 0.168048
0 0.680541 0.492392 0.023742 0.02368 0.680398 0.494898
0 0.662902 0.598612 0.023091 0.02512 0.662405 0.596939
0 0.700174 0.300786 0.020445 0.023742 0.700284 0.299426
0 0.286814 0.590837 0.02352 0.026798 0.286695 0.589605
0 0.49441 0.267446 0.020407 0.02569 0.494318 0.265944
0 0.38759 0.603599 0.021633 0.025821 0.388258 0.601722
0 0.68678 0.388762 0.020394 0.024698 0.686553 0.386798
0 0.568717 0.500365 0.021847 0.02641 0.569129 0.498724
0 0.477602 0.498722 0.025687 0.029192 0.477983 0.496492
0 0.764263 0.12419 0.017478 0.020662 0.763731 0.122449
0 0.282075 0.479018 0.02979 0.032168 0.28196 0.476084
0 0.681829 0.084953 0.021531 0.025864 0.681581 0.084184
0 0.288356 0.68989 0.01969 0.022695 0.289062 0.690051
0 0.49244 0.165257 0.029438 0.032674 0.492898 0.163265
0 0.418951 0.078707 0.021827 0.023486 0.419981 0.078125
0 0.557285 0.700861 0.021757 0.020657 0.556581 0.698661
0 0.588353 0.068852 0.021764 0.027003 0.590199 0.068559
