0 0.223925 0.523538 0.026983 0.029282 0.222064 0.524554
0 0.211177 0.422225 0.033116 0.033047 0.209991 0.422194
0 0.246551 0.192247 0.023812 0.028565 0.246212 0.192921
0 0.31006 0.637773 0.02521 0.029572 0.310369 0.63648
0 0.500821 0.635154 0.028623 0.031528 0.50071 0.632334
0 0.518155 0.526421 0.022451 0.028102 0.519413 0.524872
0 0.424981 0.311112 0.025807 0.027267 0.426847 0.310268
0 0.532182 0.213163 0.030617 0.032844 0.532434 0.211097
0 0.525933 0.420492 0.023383 0.026425 0.525568 0.419324
0 0.425703 0.420478 0.024785 0.026052 0.42732 0.421556
0 0.573005 0.467675 0.023136 0.026851 0.57339 0.465561
0 0.400477 0.642242 0.024662 0.026903 0.400805 0.639987
0 0.419868 0.196669 0.026751 0.029749 0.420691 0.194834
0 0.22873 0.301991 0.027614 0.030015 0.228693 0.300702
0 0.321101 0.424681 0.021412 0.02682 0.32197 0.425383
0 0.1518 0.44048 0.024654 0.032671 0.151042 0.441645
0 0.538863 0.33042 0.022871 0.025478 0.538352 0.329401
0 0.63015 0.231416 0.020143 0.023719 0.630445 0.230548
0 0.410667 0.532683 0.025869 0.026967 0.410275 0.530931
0 0.625239 0.329781 0.019515 0.023996 0.625 0.328763
0 0.314526 0.531219 0.02526 0.027955 0.314867 0.528699
0 0.605649 0.523844 0.021774 0.023101 0.605587 0.522003
0 0.329981 0.195468 0.028017 0.028117 0.329545 0.193559
0 0.223357 0.637509 0.019174 0.022612 0.223958 0.636161
0 0.300439 0.135729 0.023715 0.027321 0.299953 0.133929
0 0.589775 0.617659 0.019182 0.024801 0.589962 0.616709
0 0.606907 0.147875 0.019978 0.021104 0.607718 0.145727
0 0.252448 0.106902 0.022013 0.022077 0.251184 0.106505
0 0.137244 0.192072 0.020552 0.026827 0.137784 0.194196
0 0.121111 0.322467 0.019592 0.026609 0.121449 0.32111
0 0.425936 0.096339 0.021267 0.024591 0.424716 0.095663
0 0.392563 0.737331 0.018676 0.020886 0.393229 0.736926
0 0.478239 0.732459 0.020952 0.023242 0.477746 0.730548
0 0.329573 0.297244 0.025247 0.025432 0.328598 0.296237
