0 0.349041 0.60631 0.034415 0.030738 0.346354 0.608418
0 0.240487 0.496683 0.02553 0.027881 0.241241 0.495855
0 0.457486 0.60921 0.025277 0.025684 0.455966 0.610651
0 0.272676 0.163643 0.022754 0.024483 0.272254 0.162309
0 0.240345 0.607231 0.022627 0.024323 0.240294 0.606505
0 0.493391 0.391973 0.031422 0.033295 0.495975 0.392219
0 0.616927 0.388904 0.018503 0.021353 0.618134 0.387755
0 0.372721 0.16518 0.027294 0.029653 0.371212 0.165816
0 0.251034 0.272446 0.037025 0.030359 0.251657 0.272003
0 0.621604 0.186973 0.032488 0.03194 0.622159 0.185268
0 0.633453 0.30242 0.024859 0.026244 0.63447 0.300702
0 0.2789 0.08003 0.024194 0.023095 0.279356 0.078444
0 0.365494 0.396712 0.027988 0.033278 0.36553 0.39764
0 0.486764 0.167713 0.028605 0.031229 0.485559 0.165179
0 0.491832 0.28244 0.030549 0.027632 0.492424 0.279656
0 0.714919 0.124986 0.019364 0.020479 0.714725 0.123087
0 0.130815 0.16405 0.028302 0.026761 0.129972 0.160395
0 0.583182 0.600799 0.028012 0.026657 0.583807 0.602041
0 0.15326 0.416009 0.027412 0.023916 0.152462 0.416454
0 0.226654 0.391666 0.02703 0.030644 0.225142 0.392857
0 0.349437 0.70071 0.027808 0.027378 0.348722 0.699617
0 0.556338 0.698185 0.02404 0.023226 0.556581 0.69611
0 0.609165 0.085671 0.023862 0.026275 0.609848 0.084503
0 0.108921 0.295242 0.029649 0.024103 0.108902 0.294005
0 0.450514 0.703952 0.024874 0.023237 0.44839 0.703125
0 0.372655 0.267818 0.025419 0.027064 0.37358 0.267219
0 0.739581 0.300792 0.016587 0.020177 0.74053 0.300383
0 0.606547 0.49557 0.023627 0.022316 0.607955 0.496173
0 0.238956 0.688396 0.019872 0.019979 0.240057 0.6875
0 0.716947 0.489523 0.020059 0.020206 0.717803 0.488839
0 0.354522 0.501594 0.027817 0.031489 0.353456 0.501594
0 0.469342 0.503587 0.027817 0.031489 0.470407 0.503508
0 0.389372 0.069515 0.021168 0.021384 0.388968 0.068559
0 0.492703 0.06989 0.021168 0.021384 0.493134 0.068559
