0 0.576201 0.653682 0.022461 0.029836 0.575758 0.651467
0 0.512027 0.253598 0.029414 0.034661 0.5116 0.25287
0 0.591447 0.263687 0.023919 0.028869 0.591619 0.26148
0 0.511115 0.451285 0.026028 0.034371 0.511364 0.449936
0 0.505946 0.153625 0.025264 0.030673 0.505919 0.151148
0 0.565706 0.750725 0.025614 0.034707 0.565341 0.752551
0 0.578174 0.177098 0.022123 0.027038 0.578362 0.17602
0 0.515319 0.36101 0.024848 0.032662 0.516098 0.359694
0 0.50838 0.558794 0.027591 0.032127 0.508759 0.557079
0 0.500033 0.66313 0.028162 0.028441 0.499763 0.661352
0 0.48905 0.763629 0.028108 0.033551 0.48911 0.761161
0 0.591144 0.358138 0.021636 0.027507 0.591383 0.355867
0 0.583599 0.55626 0.021791 0.026601 0.582623 0.553571
0 0.588096 0.455795 0.024345 0.03107 0.588068 0.453444
